0 10654 16 18 665.875 569.825927734375
1 13114 16 18 819.625 700.8101654052734
2 12111 16 18 756.9375 646.0835266113281
3 11314 16 18 707.125 603.5385589599609
4 14479 16 18 904.9375 772.4137420654297
5 12246 16 18 765.375 652.4656066894531
6 10543 16 18 658.9375 561.7988433837891
7 10908 16 18 681.75 581.1734619140625
8 9982 16 18 623.875 531.4593963623047
9 9254 16 18 578.375 493.10853576660156
10 8615 16 18 538.4375 459.70611572265625
11 9756 16 18 609.75 521.0828704833984
12 9597 16 18 599.8125 512.9388427734375
13 10267 16 18 641.6875 548.9600067138672
14 9922 16 18 620.125 530.6866455078125
15 7235 16 18 452.1875 387.17649841308594
16 7213 16 18 450.8125 386.5779266357422
17 8389 16 18 524.3125 450.67613220214844
18 9276 16 18 579.75 499.20960998535156
19 8719 16 18 544.9375 470.0467987060547
20 10281 16 18 642.5625 554.7510681152344
21 9024 16 18 564 487.4875793457031
22 8728 16 18 545.5 471.8031921386719
23 7189 16 18 449.3125 388.9222717285156
24 7797 16 18 487.3125 423.2624206542969
25 8801 16 18 550.0625 479.4552307128906
26 8475 16 18 529.6875 463.13702392578125
27 9566 16 18 597.875 524.5084686279297
28 9901 16 18 618.8125 543.8690032958984
29 9422 16 18 588.875 518.7290496826172
30 7005 16 18 437.8125 387.04937744140625
31 6661 16 17 416.3125 369.8231964111328
32 8334 16 17 520.875 463.64268493652344
33 9207 16 17 575.4375 513.2599639892578
34 8651 16 17 540.6875 483.0134735107422
35 16685 16 17 1042.8125 930.9615020751953
36 12466 16 17 779.125 694.3852844238281
37 8114 16 17 507.125 452.19273376464844
38 10014 16 17 625.875 559.5892486572266
39 13779 16 17 861.1875 771.4128875732422
40 12933 16 17 808.3125 725.8945922851562
41 16306 16 17 1019.125 915.8214874267578
42 12630 16 17 789.375 709.5999755859375
43 13787 16 17 861.6875 775.3260498046875
44 13690 16 17 855.625 769.8109588623047
45 15701 16 17 981.3125 883.355224609375
46 15612 16 17 975.75 879.3094787597656
47 17253 16 17 1078.3125 972.1357727050781
48 16642 16 17 1040.125 937.2837982177734
49 14976 16 17 936 843.2355499267578
50 14138 16 17 883.625 795.8108520507812
51 16238 16 17 1014.875 914.7701263427734
52 17920 16 17 1120 1008.5956726074219
53 18041 16 17 1127.5625 1017.7859649658203
54 16514 16 17 1032.125 934.2923278808594
55 18481 16 17 1155.0625 1047.0423431396484
56 17464 16 17 1091.5 988.7117004394531
57 16959 16 17 1059.9375 957.9325714111328
58 17236 16 17 1077.25 971.5003356933594
59 20540 16 17 1283.75 1155.6698150634766
60 17332 16 17 1083.25 974.68017578125
61 17211 16 17 1075.6875 969.8787231445312
62 20734 16 17 1295.875 1168.5169982910156
63 16799 16 17 1049.9375 945.5726928710938
64 15699 16 17 981.1875 882.9644470214844
65 14468 16 17 904.25 814.9783782958984
66 14451 16 17 903.1875 815.4720458984375
67 15540 16 17 971.25 880.2135925292969
68 16185 16 17 1011.5625 920.4315338134766
69 16544 16 17 1034 944.308837890625
70 14603 16 17 912.6875 834.2833557128906
71 12449 16 17 778.0625 711.3261108398438
72 14456 16 17 903.5 825.7516021728516
73 15086 16 17 942.875 860.0852966308594
74 15359 16 17 959.9375 875.5516510009766
75 15621 16 17 976.3125 892.4822998046875
76 16492 16 17 1030.75 941.7983856201172
77 14308 16 17 894.25 817.9463195800781
78 11983 16 17 748.9375 686.2897644042969
79 13373 16 17 835.8125 766.5834197998047
80 15048 16 17 940.5 861.6109313964844
81 15673 16 17 979.5625 897.229248046875
82 13241 16 17 827.5625 759.1747589111328
83 13632 16 17 852 783.5568695068359
84 12119 16 17 757.4375 697.685546875
85 12253 16 17 765.8125 707.9370880126953
86 12730 16 17 795.625 738.0965118408203
87 13786 16 17 861.625 801.5143432617188
88 14040 16 17 877.5 818.4020690917969
89 13399 16 17 837.4375 782.3434753417969
90 13807 16 17 862.9375 806.7185211181641
91 12758 16 17 797.375 744.8404541015625
92 13820 16 17 863.75 807.1154632568359
93 14203 16 17 887.6875 828.8984832763672
94 14695 16 17 918.4375 856.9588165283203
95 13823 16 17 863.9375 806.4221343994141
96 13042 16 17 815.125 761.2438049316406
97 14151 16 17 884.4375 826.1047668457031
98 12377 16 17 773.5625 722.2402038574219
99 11193 16 17 699.5625 654.2426452636719
100 12137 16 17 758.5625 709.7504425048828
101 15270 16 17 954.375 892.5285797119141
102 13095 16 17 818.4375 764.5571594238281
103 12006 16 17 750.375 701.7103118896484
104 12590 16 17 786.875 735.6867828369141
105 11361 16 17 710.0625 663.6194763183594
106 10335 16 17 645.9375 603.7147827148438
107 11227 16 17 701.6875 655.8947448730469
108 12192 16 17 762 712.2122802734375
109 12544 16 17 784 732.9919738769531
110 11821 16 17 738.8125 691.0498352050781
111 11789 16 17 736.8125 689.2351989746094
112 11190 16 17 699.375 654.774658203125
113 10688 16 17 668 625.1969299316406
114 10834 16 17 677.125 633.7368621826172
115 12690 16 17 793.125 741.9997100830078
116 11897 16 17 743.5625 695.239990234375
117 12512 16 17 782 730.4011077880859
118 11806 16 17 737.875 687.7566833496094
119 11028 16 17 689.25 641.4705963134766
120 9838 16 17 614.875 572.2639007568359
121 10668 16 17 666.75 620.3565826416016
122 11306 16 17 706.625 656.7633209228516
123 12801 16 17 800.0625 742.6437225341797
124 11136 16 17 696 645.4010620117188
125 10472 16 17 654.5 606.8667907714844
126 10785 16 17 674.0625 625.09716796875
127 10702 16 17 668.875 619.7008056640625
128 10509 16 17 656.8125 607.9076232910156
129 12064 16 17 754 697.0857238769531
130 10785 16 17 674.0625 622.7847747802734
131 11322 16 17 707.625 653.760009765625
132 10571 16 17 660.6875 610.2672729492188
133 10270 16 17 641.875 592.6431732177734
134 9501 16 17 593.8125 547.6578216552734
135 10281 16 17 642.5625 591.6888275146484
136 11149 16 17 696.8125 641.4380645751953
137 12460 16 17 778.75 716.5128326416016
138 12542 16 17 783.875 720.3544769287109
139 11929 16 17 745.5625 684.1322784423828
140 11394 16 17 712.125 653.5225067138672
141 10271 16 17 641.9375 589.8931579589844
142 11145 16 17 696.5625 640.4731750488281
143 12126 16 17 757.875 697.0973510742188
144 13164 16 17 822.75 757.3372650146484
145 12313 16 17 769.5625 707.4791564941406
146 12108 16 17 756.75 695.2942962646484
147 10903 16 17 681.4375 625.8408203125
148 10858 16 17 678.625 622.6148986816406
149 10938 16 17 683.625 626.4141082763672
150 12206 16 17 762.875 698.2157897949219
151 11519 16 17 719.9375 658.0159149169922
152 11539 16 17 721.1875 658.6856994628906
153 10632 16 17 664.5 606.5064697265625
154 10060 16 17 628.75 573.2330169677734
155 9207 16 17 575.4375 523.9049377441406
156 9986 16 17 624.125 567.7068023681641
157 11742 16 17 733.875 666.8399047851562
158 10593 16 17 662.0625 600.7314910888672
159 10973 16 17 685.8125 622.2961578369141
160 10098 16 17 631.125 572.0536041259766
161 10815 16 17 675.9375 611.9902038574219
162 10575 16 17 660.9375 597.5200805664062
163 10903 16 17 681.4375 615.0312042236328
164 11566 16 17 722.875 651.4344787597656
165 11891 16 17 743.1875 668.5568695068359
166 11687 16 17 730.4375 656.1380615234375
167 11184 16 17 699 627.3556365966797
168 10233 16 17 639.5625 573.5854187011719
169 10019 16 17 626.1875 560.7986297607422
170 9791 16 17 611.9375 547.1562805175781
171 11052 16 17 690.75 616.6636657714844
172 10661 16 17 666.3125 594.2233734130859
173 10358 16 17 647.375 576.7384033203125
174 10331 16 17 645.6875 576.4395446777344
175 9977 16 17 623.5625 557.7895050048828
176 9583 16 17 598.9375 535.6332092285156
177 9877 16 17 617.3125 552.1039581298828
178 11156 16 17 697.25 623.9862976074219
179 11808 16 17 738 661.5029449462891
180 10744 16 17 671.5 603.0860595703125
181 10791 16 17 674.4375 606.8183441162109
182 11560 16 17 722.5 650.32568359375
183 11221 16 17 701.3125 632.1199035644531
184 10514 16 17 657.125 593.6662139892578
185 14820 16 17 926.25 838.5433044433594
186 15885 16 17 992.8125 900.1355895996094
187 11936 16 17 746 677.2004852294922
188 10494 16 17 655.875 596.6688079833984
189 10306 16 17 644.125 587.5449066162109
190 10005 16 17 625.3125 572.1597747802734
191 11016 16 17 688.5 632.5989074707031
192 13608 16 17 850.5 783.4532012939453
193 21202 16 17 1325.125 1220.734359741211
194 12496 16 17 781 719.7237091064453
195 12532 16 17 783.25 724.1684417724609
196 11999 16 17 749.9375 695.4986572265625
197 11748 16 17 734.25 682.7038421630859
198 11530 16 17 720.625 672.9228210449219
199 12290 16 17 768.125 720.0810394287109
200 12527 16 16 782.9375 736.2241668701172
201 11617 16 16 726.0625 686.0541839599609
202 10668 16 16 666.75 632.2766418457031
203 11344 16 16 709 674.3025207519531
204 9046 16 16 565.375 539.2091979980469
205 10092 16 16 630.75 603.5572357177734
206 10308 16 16 644.25 618.16015625
207 9884 16 16 617.75 594.72216796875
208 10449 16 16 653.0625 631.2032775878906
209 11154 16 16 697.125 675.6375122070312
210 10676 16 16 667.25 647.5931243896484
211 9576 16 16 598.5 581.9692230224609
212 9994 16 16 624.625 609.5914916992188
213 11357 16 16 709.8125 694.3390350341797
214 9972 16 16 623.25 611.5041961669922
215 9295 16 16 580.9375 572.6453247070312
216 10803 16 16 675.1875 667.1856384277344
217 9722 16 16 607.625 601.4891662597656
218 10058 16 16 628.625 623.3792572021484
219 11746 16 16 734.125 730.0906677246094
220 9921 16 16 620.0625 618.1634674072266
221 9721 16 15 607.5625 607.32421875
222 9552 16 15 597 598.0382690429688
223 10060 16 15 628.75 631.4516448974609
224 9063 16 15 566.4375 569.5726928710938
225 9137 16 15 571.0625 575.141357421875
226 9775 16 15 610.9375 617.3487091064453
227 12285 16 15 767.8125 777.0180511474609
228 10583 16 15 661.4375 670.2774505615234
229 10959 16 15 684.9375 695.4229583740234
230 10979 16 15 686.1875 697.8977813720703
231 8100 16 15 506.25 516.0646667480469
232 8864 16 15 554 566.8124847412109
233 10116 16 15 632.25 648.8554840087891
234 11166 16 15 697.875 717.8296051025391
235 11199 16 15 699.9375 720.8895721435547
236 12123 16 15 757.6875 781.2278289794922
237 12064 16 15 754 778.5563201904297
238 13883 16 15 867.6875 895.1976165771484
239 16486 16 15 1030.375 1059.5191955566406
240 12268 16 15 766.75 789.0021362304688
241 11485 16 15 717.8125 739.6399230957031
242 12685 16 15 792.8125 817.3230895996094
243 11749 16 15 734.3125 756.7413177490234
244 11462 16 15 716.375 738.5518951416016
245 10432 16 15 652 671.9430694580078
246 9516 16 15 594.75 613.2925872802734
247 11149 16 15 696.8125 719.4648895263672
248 13218 16 15 826.125 852.9625244140625
249 12576 16 15 786 810.9280395507812
250 12739 16 15 796.1875 820.8790130615234
251 12087 16 15 755.4375 778.5171051025391
252 10981 16 15 686.3125 707.0010986328125
253 12328 16 15 770.5 793.3265228271484
254 12032 16 15 752 774.2176208496094
255 12054 16 15 753.375 775.6165924072266
256 13088 16 15 818 842.3331604003906
257 12166 16 15 760.375 782.4806365966797
258 10714 16 15 669.625 688.8883972167969
259 10284 16 15 642.75 661.12646484375
260 10937 16 15 683.5625 702.9047241210938
261 11962 16 15 747.625 768.6615142822266
262 15067 16 15 941.6875 967.71484375
263 12987 16 15 811.6875 832.8284149169922
264 11558 16 15 722.375 740.716796875
265 10877 16 15 679.8125 696.7160491943359
266 10515 16 15 657.1875 673.5080108642578
267 10992 16 15 687 703.9715270996094
268 12408 16 15 775.5 794.4698181152344
269 12497 16 15 781.0625 799.62744140625
270 11037 16 15 689.8125 705.8555908203125
271 10502 16 15 656.375 671.7113494873047
272 10916 16 15 682.25 698.1245574951172
273 11011 16 15 688.1875 703.6004333496094
274 10360 16 15 647.5 661.5702209472656
275 10727 16 15 670.4375 685.0377349853516
276 11510 16 15 719.375 735.5642395019531
277 11142 16 15 696.375 712.6685943603516
278 17974 16 15 1123.375 1148.156723022461
279 11611 16 15 725.6875 740.1588134765625
280 10749 16 15 671.8125 684.9106597900391
281 10357 16 15 647.3125 660.0164184570312
282 11392 16 15 712 726.4256439208984
283 10721 16 15 670.0625 684.1944122314453
284 11224 16 15 701.5 717.1776885986328
285 11640 16 15 727.5 744.0988922119141
286 11652 16 15 728.25 744.8552551269531
287 17513 16 15 1094.5625 1116.0448150634766
288 11275 16 15 704.6875 717.3065795898438
289 12048 16 15 753 766.5331726074219
290 12072 16 15 754.5 767.958984375
291 12189 16 15 761.8125 775.1675720214844
292 11832 16 15 739.5 751.9381866455078
293 11270 16 15 704.375 715.7628479003906
294 12790 16 15 799.375 811.1251068115234
295 9428 16 15 589.25 597.1585083007812
296 11651 16 15 728.1875 738.2353363037109
297 9639 16 15 602.4375 610.9476470947266
298 10169 16 15 635.5625 644.9303436279297
299 10777 16 15 673.5625 683.604736328125
300 11409 16 15 713.0625 723.3190307617188
301 10544 16 15 659 668.545654296875
302 9057 16 15 566.0625 574.328369140625
303 12395 16 15 774.6875 786.6969757080078
304 12978 16 15 811.125 822.8302764892578
305 11014 16 15 688.375 698.0378723144531
306 11377 16 15 711.0625 721.1952056884766
307 14291 16 15 893.1875 904.7475738525391
308 19771 16 15 1235.6875 1246.055160522461
309 16133 16 15 1008.3125 1011.315185546875
310 11382 16 15 711.375 712.4378509521484
311 10592 16 15 662 662.8481140136719
312 10341 16 15 646.3125 647.1496429443359
313 9835 16 15 614.6875 615.5384216308594
314 9688 16 15 605.5 606.3160858154297
315 9710 16 15 606.875 607.9042816162109
316 7629 16 15 476.8125 477.8734588623047
317 9266 16 15 579.125 581.3497924804688
318 9379 16 15 586.1875 588.9472045898438
319 8425 16 15 526.5625 529.8851470947266
320 8484 16 15 530.25 534.3729248046875
321 9075 16 15 567.1875 572.6847229003906
322 7147 16 15 446.6875 451.80712890625
323 8110 16 15 506.875 513.7692413330078
324 8221 16 15 513.8125 522.0909118652344
325 9413 16 15 588.3125 600.6038665771484
326 7979 16 15 498.6875 510.68885803222656
327 8205 16 15 512.8125 526.1907196044922
328 7648 16 15 478 491.2073974609375
329 7647 16 15 477.9375 491.85337829589844
330 7796 16 15 487.25 502.2993469238281
331 7623 16 15 476.4375 493.00547790527344
332 8474 16 15 529.625 551.4477081298828
333 7319 16 15 457.4375 478.781005859375
334 8316 16 15 519.75 545.7564544677734
335 7549 16 15 471.8125 496.70838928222656
336 7005 16 15 437.8125 462.32557678222656
337 6952 16 15 434.5 460.25526428222656
338 7552 16 15 472 501.5953826904297
339 7036 16 14 439.75 468.8957824707031
340 6895 16 14 430.9375 461.06243896484375
341 6800 16 14 425 455.99842834472656
342 7031 16 14 439.4375 472.8770294189453
343 7168 16 14 448 482.95506286621094
344 6095 16 14 380.9375 411.56993103027344
345 6458 16 14 403.625 437.2146301269531
346 7156 16 14 447.25 485.5321350097656
347 7714 16 14 482.125 524.5043640136719
348 7841 16 14 490.0625 534.1534576416016
349 9764 16 14 610.25 666.1527252197266
350 9222 16 14 576.375 629.2204742431641
351 9153 16 14 572.0625 624.8756713867188
352 9385 16 14 586.5625 641.5519866943359
353 11338 16 14 708.625 774.8924102783203
354 11390 16 14 711.875 777.8326873779297
355 10325 16 14 645.3125 704.7214813232422
356 8310 16 14 519.375 567.3073883056641
357 6094 16 14 380.875 416.9247741699219
358 7028 16 14 439.25 482.0722351074219
359 8224 16 14 514 565.4895172119141
360 7773 16 14 485.8125 535.2552337646484
361 7756 16 14 484.75 534.8322906494141
362 7792 16 14 487 537.9745635986328
363 7570 16 14 473.125 523.1718597412109
364 7688 16 14 480.5 532.133056640625
365 6134 16 14 383.375 425.09722900390625
366 6141 16 14 383.8125 427.29124450683594
367 6934 16 14 433.375 484.00990295410156
368 7735 16 14 483.4375 541.1950378417969
369 8448 16 14 528 592.1524658203125
370 9699 16 14 606.1875 679.9214782714844
371 9333 16 14 583.3125 653.8596801757812
372 13802 16 14 862.625 966.7309112548828
373 9363 16 14 585.1875 654.5802917480469
374 10993 16 14 687.0625 769.4855346679688
375 12384 16 14 774 866.6678009033203
376 12733 16 14 795.8125 890.3251190185547
377 12523 16 14 782.6875 875.5489654541016
378 11517 16 14 719.8125 808.9759216308594
379 11399 16 14 712.4375 801.2471008300781
380 11322 16 14 707.625 795.6979827880859
381 12238 16 14 764.875 860.1044311523438
382 11268 16 14 704.25 792.5570220947266
383 13612 16 14 850.75 956.8551330566406
384 9196 16 14 574.75 646.1877746582031
385 8883 16 14 555.1875 624.5066833496094
386 9688 16 14 605.5 681.4521636962891
387 10027 16 14 626.6875 706.5872192382812
388 9984 16 14 624 705.1331329345703
389 11213 16 14 700.8125 793.5597229003906
390 11956 16 14 747.25 845.9728851318359
391 9849 16 14 615.5625 697.1818695068359
392 8524 16 14 532.75 604.4725799560547
393 10853 16 14 678.3125 771.0104522705078
394 12054 16 14 753.375 856.8785247802734
395 12390 16 14 774.375 880.9196472167969
396 12264 16 14 766.5 872.2267761230469
397 10994 16 14 687.125 781.7850189208984
398 9901 16 14 618.8125 704.1947021484375
399 9239 16 14 577.4375 657.5727691650391
400 11240 16 14 702.5 800.8489227294922
401 11302 16 13 706.375 806.1650390625
402 10866 16 13 679.125 776.9030303955078
403 11616 16 13 726 830.8063659667969
404 12123 16 13 757.6875 866.6316528320312
405 10459 16 13 653.6875 747.6714324951172
406 8877 16 13 554.8125 634.9515686035156
407 10758 16 13 672.375 770.6557769775391
408 9711 16 13 606.9375 696.8652191162109
409 10421 16 13 651.3125 748.4905853271484
410 12410 16 13 775.625 891.2907867431641
411 20261 16 14 1266.3125 1448.7573547363281
412 16818 16 14 1051.125 1195.7148895263672
413 19467 16 14 1216.6875 1378.005386352539
414 16504 16 14 1031.5 1160.5966339111328
415 12237 16 14 764.8125 859.1239471435547
416 12272 16 14 767 860.998779296875
417 10197 16 14 637.3125 717.1667327880859
418 11815 16 14 738.4375 833.0134582519531
419 24795 16 14 1549.6875 1739.376708984375
420 18834 16 14 1177.125 1310.6306915283203
421 20673 16 14 1292.0625 1430.1286926269531
422 32169 16 14 2010.5625 2204.2096557617188
423 27251 16 14 1703.1875 1842.5129089355469
424 26437 16 15 1652.3125 1768.9765167236328
425 38251 16 15 2390.6875 2523.422576904297
426 26841 16 15 1677.5625 1752.8660888671875
427 32675 16 15 2042.1875 2110.4327850341797
428 22219 16 15 1388.6875 1419.409912109375
429 24611 16 15 1538.1875 1562.1506652832031
430 41381 16 16 2586.3125 2591.8333587646484
431 26899 16 16 1681.1875 1661.233627319336
432 23653 16 16 1478.3125 1448.6387634277344
433 24900 16 16 1556.25 1513.3195190429688
434 27329 16 16 1708.0625 1646.4598388671875
435 20627 16 16 1289.1875 1232.2676391601562
436 22138 16 16 1383.625 1314.346923828125
437 23491 16 17 1468.1875 1384.0783233642578
438 24717 16 17 1544.8125 1444.3756561279297
439 22916 16 17 1432.25 1329.3772888183594
440 21674 16 17 1354.625 1249.0964965820312
441 25504 16 17 1594 1458.4266204833984
442 27707 16 17 1731.6875 1569.9405517578125
443 26006 16 17 1625.375 1462.203353881836
444 27861 16 18 1741.3125 1553.4389190673828
445 27083 16 18 1692.6875 1496.7683563232422
446 20886 16 18 1305.375 1147.350326538086
447 26369 16 18 1648.0625 1444.2728881835938
448 23418 16 18 1463.625 1278.0573425292969
449 23385 16 18 1461.5625 1268.1638946533203
450 23715 16 18 1482.1875 1277.2269439697266
451 23469 16 18 1466.8125 1255.1810913085938
452 24574 16 18 1535.875 1304.6206359863281
453 24455 16 19 1528.4375 1288.3759155273438
454 24624 16 19 1539 1286.991439819336
455 21484 16 19 1342.75 1114.3230743408203
456 26428 16 19 1651.75 1360.3033905029297
457 24368 16 19 1523 1243.7430267333984
458 23938 16 19 1496.125 1212.3743133544922
459 21097 16 19 1318.5625 1060.8908081054688
460 20916 16 20 1307.25 1045.428451538086
461 20538 16 20 1283.625 1020.1034088134766
462 21043 16 20 1315.1875 1038.4616394042969
463 19207 16 20 1200.4375 942.3446197509766
464 21857 16 20 1366.0625 1065.9994354248047
465 21983 16 20 1373.9375 1065.3727416992188
466 20439 16 20 1277.4375 984.2478637695312
467 22159 16 20 1384.9375 1060.2589569091797
468 20957 16 21 1309.8125 996.031005859375
469 23926 16 21 1495.375 1129.4591827392578
470 21845 32 21 995.75 1023.6085357666016
471 23411 32 21 731.59375 1089.6844329833984
472 24635 32 21 769.84375 1138.1241760253906
473 26456 32 21 826.75 1212.3515014648438
474 23378 32 22 730.5625 1063.0282897949219
475 18857 32 22 589.28125 852.1043395996094
476 20559 32 22 642.46875 923.5469665527344
477 18959 32 22 592.46875 846.9572906494141
478 26302 32 22 821.9375 1167.374771118164
479 20320 32 22 635 895.0955505371094
480 19922 32 22 622.5625 872.3581085205078
481 16425 32 22 513.28125 715.7233123779297
482 15606 32 23 487.6875 677.4340362548828
483 13656 32 23 426.75 590.6276397705078
484 17835 32 23 557.34375 768.2747955322266
485 18475 32 23 577.34375 792.0524139404297
486 17353 32 23 542.28125 740.5909271240234
487 18836 32 23 588.625 800.2979888916016
488 17930 32 23 560.3125 758.8659362792969
489 19307 32 23 603.34375 814.1464691162109
490 17048 32 23 532.75 715.8721618652344
491 14298 32 23 446.8125 598.9016571044922
492 18902 32 23 590.6875 789.6635131835938
493 16392 32 24 512.25 683.0043487548828
494 13935 32 24 435.46875 579.6518249511719
495 15170 32 24 474.0625 629.6547241210938
496 14041 32 24 438.78125 580.874755859375
497 13959 32 24 436.21875 575.7915802001953
498 14765 32 24 461.40625 607.3220977783203
499 17353 32 24 542.28125 711.3710632324219
500 15678 32 24 489.9375 640.4410552978516
501 13386 32 24 418.3125 545.2543487548828
502 16412 32 24 512.875 666.6067199707031
503 14942 32 24 466.9375 604.9354095458984
504 12504 32 24 390.75 504.7825622558594
505 14323 32 24 447.59375 576.5203857421875
506 14897 32 24 465.53125 597.6911773681641
507 15018 32 25 469.3125 600.7038116455078
508 13917 32 25 434.90625 555.3661804199219
509 14519 32 25 453.71875 578.2512512207031
510 13231 32 25 413.46875 526.0177001953125
511 10899 32 25 340.59375 432.9763641357422
512 13861 32 25 433.15625 550.8365936279297
513 14562 32 25 455.0625 577.6322174072266
514 14910 32 25 465.9375 590.8853302001953
515 17337 32 25 541.78125 686.1468811035156
516 16549 32 25 517.15625 653.881103515625
517 14172 32 25 442.875 559.1243591308594
518 15628 32 25 488.375 615.5964050292969
519 16883 32 25 527.59375 664.0340881347656
520 18742 32 25 585.6875 735.3496704101562
521 16072 32 25 502.25 629.0864105224609
522 17419 32 25 544.34375 680.8179931640625
523 16879 32 25 527.46875 658.02197265625
524 17147 32 25 535.84375 666.4318695068359
525 16019 32 25 500.59375 620.8203125
526 15974 32 25 499.1875 617.6970825195312
527 16963 32 25 530.09375 654.2160797119141
528 16142 32 26 504.4375 621.0124359130859
529 15792 32 26 493.5 606.7247619628906
530 18199 32 26 568.71875 697.5920562744141
531 16388 32 26 512.125 626.0828704833984
532 16041 32 26 501.28125 611.3730010986328
533 17701 32 26 553.15625 673.2325134277344
534 18353 32 26 573.53125 696.4200897216797
535 19611 32 26 612.84375 742.5052490234375
536 17490 32 26 546.5625 660.4902191162109
537 15921 32 26 497.53125 599.6027069091797
538 14706 32 26 459.5625 552.5534515380859
539 14558 32 26 454.9375 546.18798828125
540 17790 32 26 555.9375 666.3627471923828
541 17316 32 26 541.125 646.9963836669922
542 16058 32 26 501.8125 598.7703094482422
543 18704 32 26 584.5 696.0979156494141
544 16496 32 26 515.5 612.3099670410156
545 13428 32 27 419.625 497.44142150878906
546 14571 32 27 455.34375 538.9631195068359
547 18925 32 27 591.40625 698.4040679931641
548 14794 32 27 462.3125 544.5623321533203
549 17262 32 27 539.4375 634.2303924560547
550 14892 32 27 465.375 547.5252075195312
551 16436 32 27 513.625 605.0784606933594
552 13950 32 27 435.9375 513.8630981445312
553 12688 32 27 396.5 468.4966125488281
554 16878 32 27 527.4375 622.7376403808594
555 15733 32 27 491.65625 579.4932708740234
556 15427 32 27 482.09375 567.3165588378906
557 15508 32 27 484.625 569.4090423583984
558 14434 32 27 451.0625 531.2059936523438
559 14185 32 27 443.28125 523.3591461181641
560 12770 32 27 399.0625 472.1534881591797
561 14608 32 26 456.5 542.5316925048828
562 15841 32 26 495.03125 591.4972991943359
563 16816 32 26 525.5 630.3627471923828
564 15566 32 26 486.4375 587.6748962402344
565 13437 32 26 419.90625 510.6007385253906
566 14596 32 26 456.125 557.8670043945312
567 13926 32 26 435.1875 535.0126190185547
568 13700 32 25 428.125 527.9247436523438
569 14020 32 25 438.125 544.5693511962891
570 14056 32 25 439.25 550.3834533691406
571 12564 32 25 392.625 493.9512939453125
572 13070 32 25 408.4375 516.1940307617188
573 10554 32 25 329.8125 419.29083251953125
574 10466 32 24 327.0625 418.1425476074219
575 12852 32 24 401.625 515.2346801757812
576 11658 32 24 364.3125 469.2353057861328
577 13386 32 24 418.3125 541.4927825927734
578 12520 32 24 391.25 508.6650390625
579 13143 32 24 410.71875 536.0461578369141
580 13483 32 24 421.34375 552.1930084228516
581 11214 32 24 350.4375 462.0732116699219
582 12632 32 24 394.75 523.8466491699219
583 13117 32 23 409.90625 547.2177581787109
584 12946 32 23 404.5625 543.2568969726562
585 12424 32 23 388.25 523.5881652832031
586 13540 32 23 423.125 573.4383544921875
587 12129 32 23 379.03125 516.2809295654297
588 11166 32 23 348.9375 477.42750549316406
589 12012 32 23 375.375 516.6437225341797
590 15275 32 23 477.34375 659.7396545410156
591 17485 32 23 546.40625 757.64599609375
592 20434 32 22 638.5625 887.4867095947266
593 16621 32 22 519.40625 723.5203094482422
594 14294 32 22 446.6875 624.2727661132812
595 12856 32 22 401.75 563.9584503173828
596 15800 32 22 493.75 697.08984375
597 16023 32 22 500.71875 709.2125854492188
598 16723 32 22 522.59375 741.8841552734375
599 15840 32 22 495 704.2213592529297
600 17349 32 22 542.15625 772.7260894775391
601 16006 32 22 500.1875 714.3219299316406
602 13918 32 22 434.9375 622.4712066650391
603 16702 32 22 521.9375 749.0045318603516
604 17420 32 22 544.375 782.6761627197266
605 16729 32 22 522.78125 753.2611389160156
606 18915 32 22 591.09375 852.8808135986328
607 17710 32 22 553.4375 799.7188262939453
608 17302 32 22 540.6875 782.9277801513672
609 15748 32 21 492.125 714.9922943115234
610 18341 32 21 573.15625 834.8544311523438
611 17028 32 21 532.125 777.3472442626953
612 19230 32 21 600.9375 880.6938171386719
613 20244 32 21 632.625 929.1460723876953
614 18048 32 21 564 828.6309509277344
615 15479 32 21 483.71875 712.0273742675781
616 17147 32 21 535.84375 790.2080535888672
617 18990 32 21 593.4375 876.6849060058594
618 20621 32 21 644.40625 953.4489440917969
619 18006 32 21 562.6875 833.0198516845703
620 19568 32 21 611.5 905.1284637451172
621 18810 32 21 587.8125 868.5235137939453
622 14882 32 21 465.0625 686.4416198730469
623 13920 32 21 435 642.5731048583984
624 15369 32 21 480.28125 710.9168395996094
625 20066 32 21 627.0625 927.8654022216797
626 17138 32 21 535.5625 792.3910064697266
627 15971 32 21 499.09375 739.1542510986328
628 16864 32 21 527 781.1094055175781
629 13694 32 21 427.9375 635.1674957275391
630 13002 32 21 406.3125 603.6369934082031
631 20180 32 21 630.625 937.5613250732422
632 17959 32 21 561.21875 833.3832397460938
633 20870 32 21 652.1875 966.3858947753906
634 19291 32 21 602.84375 890.7904357910156
635 16818 32 21 525.5625 775.5845336914062
636 14209 32 21 444.03125 654.5150299072266
637 9063 32 21 283.21875 417.97349548339844
638 11927 32 21 372.71875 551.6257934570312
639 16804 32 21 525.125 777.9914093017578
640 18416 32 21 575.5 851.1010437011719
641 18899 32 21 590.59375 872.1301422119141
642 18015 32 21 562.96875 830.0263824462891
643 13696 32 21 428 630.4464569091797
644 14027 32 21 438.34375 645.6448822021484
645 15778 32 21 493.0625 726.2230834960938
646 17514 32 21 547.3125 805.3748474121094
647 15435 32 21 482.34375 708.9265747070312
648 16356 32 21 511.125 750.8508758544922
649 18659 32 21 583.09375 854.8462982177734
650 16808 32 21 525.25 768.0140991210938
651 15492 32 21 484.125 706.8281402587891
652 15370 32 21 480.3125 701.1694946289062
653 18889 32 21 590.28125 860.4519500732422
654 17394 32 21 543.5625 791.8163452148438
655 15123 32 21 472.59375 688.4950714111328
656 18206 32 21 568.9375 828.2485046386719
657 16761 32 22 523.78125 761.7849884033203
658 16314 32 21 509.8125 741.1496429443359
659 15946 32 21 498.3125 725.2019348144531
660 18723 32 21 585.09375 851.508056640625
661 14831 32 21 463.46875 674.2017364501953
662 16391 32 21 512.21875 745.9712982177734
663 17349 32 21 542.15625 789.6173095703125
664 18752 32 21 586 852.9871063232422
665 18687 32 22 583.96875 848.8424835205078
666 19154 32 22 598.5625 869.1382141113281
667 16416 32 22 513 744.6400756835938
668 18560 32 22 580 841.6736755371094
669 16265 32 22 508.28125 737.1770782470703
670 20012 32 22 625.375 906.5261840820312
671 23126 32 22 722.6875 1045.0061645507812
672 17654 32 22 551.6875 796.4857940673828
673 17765 32 22 555.15625 801.7071990966797
674 17299 32 22 540.59375 781.2419281005859
675 22651 32 22 707.84375 1021.9659881591797
676 20063 32 22 626.96875 903.6690521240234
677 19534 32 22 610.4375 878.0428924560547
678 20033 32 22 626.03125 898.2041931152344
679 18814 32 22 587.9375 842.0851898193359
680 18211 32 22 569.09375 814.9183044433594
681 21056 32 22 658 941.0045776367188
682 22282 32 22 696.3125 994.0428314208984
683 21983 32 22 686.96875 978.4073791503906
684 21983 32 22 686.96875 975.3807983398438
685 19526 32 22 610.1875 863.9272613525391
686 17270 32 22 539.6875 763.3110656738281
687 18843 32 22 588.84375 832.7648773193359
688 21073 32 22 658.53125 929.7902374267578
689 22936 32 22 716.75 1009.16650390625
690 21005 32 22 656.40625 921.7703857421875
691 22546 32 22 704.5625 986.3266906738281
692 20733 32 22 647.90625 903.4899291992188
693 18561 32 22 580.03125 807.3009796142578
694 17016 32 23 531.75 739.9971466064453
695 16498 32 23 515.5625 716.6745147705078
696 19743 32 23 616.96875 856.9824981689453
697 22653 32 23 707.90625 980.4129486083984
698 19223 32 23 600.71875 829.2590942382812
699 15328 32 23 479 660.2735748291016
700 19495 32 23 609.21875 838.3890991210938
701 17699 32 23 553.09375 760.4373168945312
702 20523 32 23 641.34375 880.8174285888672
703 19318 32 23 603.6875 827.8119812011719
704 19534 32 23 610.4375 834.8194732666016
705 16634 32 23 519.8125 709.6161804199219
706 15942 32 23 498.1875 679.5498962402344
707 16214 32 23 506.6875 690.5703582763672
708 19456 32 23 608 827.3204498291016
709 17198 32 23 537.4375 729.87890625
710 17801 32 23 556.28125 754.2029113769531
711 29218 32 23 913.0625 1232.2513580322266
712 19448 32 23 607.75 815.7065734863281
713 18842 32 23 588.8125 787.222412109375
714 17655 32 24 551.71875 735.8293914794922
715 21140 32 24 660.625 878.6759796142578
716 21157 32 24 661.15625 876.0630187988281
717 20409 32 24 637.78125 842.4577331542969
718 18422 32 24 575.6875 758.3053894042969
719 19713 32 24 616.03125 809.5714569091797
720 16383 32 24 511.96875 671.0703277587891
721 14034 32 24 438.5625 574.2239837646484
722 15378 32 24 480.5625 628.7849731445312
723 19962 32 24 623.8125 814.5607147216797
724 20452 32 24 639.125 832.0381317138672
725 19650 32 24 614.0625 797.1617431640625
726 17776 32 24 555.5 719.2599945068359
727 17098 32 24 534.3125 690.2988128662109
728 16526 32 24 516.4375 665.6834564208984
729 16839 32 24 526.21875 677.5518493652344
730 20235 32 24 632.34375 813.4382476806641
731 20021 32 24 625.65625 804.7425079345703
732 23379 32 24 730.59375 938.8338775634766
733 20708 32 25 647.125 828.9928131103516
734 22285 32 25 696.40625 889.3320007324219
735 23381 32 25 730.65625 929.8171234130859
736 22915 32 25 716.09375 908.663818359375
737 22376 32 25 699.25 885.1558074951172
738 19548 32 25 610.875 771.8204650878906
739 21627 32 25 675.84375 852.6446228027344
740 30513 32 25 953.53125 1198.6893005371094
741 25304 32 25 790.75 988.5513610839844
742 25316 32 25 791.125 985.2617340087891
743 26722 32 25 835.0625 1036.6102447509766
744 36878 32 26 1152.4375 1421.9876708984375
745 25613 32 26 800.40625 982.7007293701172
746 22375 32 26 699.21875 856.8146514892578
747 26975 32 26 842.96875 1030.1997680664062
748 29444 32 26 920.125 1119.21728515625
749 22750 32 26 710.9375 861.9245910644531
750 23616 32 26 738 892.7948608398438
751 27113 32 26 847.28125 1022.6136932373047
752 28997 32 26 906.15625 1089.7271575927734
753 20107 32 26 628.34375 754.351806640625
754 22244 32 26 695.125 832.8671722412109
755 18727 32 26 585.21875 699.84912109375
756 15879 32 26 496.21875 593.7147216796875
757 17158 32 26 536.1875 642.6125030517578
758 31908 32 26 997.125 1192.7584991455078
759 29700 32 26 928.125 1104.8448181152344
760 27217 32 27 850.53125 1009.1149749755859
761 27503 32 27 859.46875 1015.4939422607422
762 30380 32 27 949.375 1115.7126159667969
763 26020 32 27 813.125 950.5536499023438
764 28977 32 27 905.53125 1055.818344116211
765 35235 32 27 1101.09375 1277.355209350586
766 32686 32 27 1021.4375 1176.8363342285156
767 28745 32 27 898.28125 1029.7846374511719
768 23530 32 28 735.3125 839.7841186523438
769 28810 32 28 900.3125 1023.053955078125
770 24010 32 28 750.3125 849.80224609375
771 24950 32 28 779.6875 881.5947875976562
772 28246 32 28 882.6875 995.3594970703125
773 27556 32 28 861.125 968.6521606445312
774 32951 32 28 1029.71875 1152.9479522705078
775 30038 32 28 938.6875 1045.4337310791016
776 29660 32 29 926.875 1025.7194519042969
777 25800 32 29 806.25 887.0974273681641
778 26885 32 29 840.15625 920.7231140136719
779 29864 32 29 933.25 1019.1507110595703
780 28816 32 29 900.5 979.93408203125
781 28048 32 29 876.5 950.3307647705078
782 30103 32 29 940.71875 1015.3883209228516
783 27270 32 29 852.1875 915.1534729003906
784 25928 32 29 810.25 866.7471771240234
785 28107 32 30 878.34375 936.4902954101562
786 31675 32 30 989.84375 1050.6097412109375
787 33490 32 30 1046.5625 1104.3542022705078
788 34560 32 30 1080 1133.9394836425781
789 32064 32 30 1002 1046.808822631836
790 28545 32 30 892.03125 927.1726837158203
791 25631 32 30 800.96875 829.4213409423828
792 30847 32 31 963.96875 994.8884124755859
793 31669 32 31 989.65625 1016.8704528808594
794 33662 32 31 1051.9375 1075.3045196533203
795 34789 32 31 1087.15625 1105.3052062988281
796 37931 32 31 1185.34375 1197.9073638916016
797 33599 32 31 1049.96875 1054.5711975097656
798 27736 32 32 866.75 866.6875305175781
799 29418 32 32 919.3125 916.01123046875
800 32035 32 32 1001.09375 993.0449676513672
801 32870 32 32 1027.1875 1013.8026580810547
802 33226 32 32 1038.3125 1019.6562194824219
803 35840 32 32 1120 1094.2187194824219
804 31315 32 32 978.59375 951.6320343017578
805 27005 32 33 843.90625 818.2929992675781
806 29351 32 33 917.21875 886.591552734375
807 24808 32 33 775.25 746.7910614013672
808 22990 32 33 718.4375 690.8845367431641
809 29866 32 33 933.3125 895.3565063476562
810 30748 32 33 960.875 919.9336242675781
811 29111 32 33 909.71875 868.0443267822266
812 28654 32 33 895.4375 851.6787109375
813 29001 32 33 906.28125 858.9206085205078
814 29855 32 33 932.96875 882.0008544921875
815 32186 32 34 1005.8125 947.6852569580078
816 33683 32 34 1052.59375 988.2498321533203
817 34130 32 34 1066.5625 997.1950531005859
818 33165 32 34 1036.40625 965.1383361816406
819 28722 32 34 897.5625 832.6728210449219
820 30007 32 34 937.71875 867.754638671875
821 33742 32 34 1054.4375 972.6637573242188
822 36237 32 34 1132.40625 1040.874771118164
823 31783 32 34 993.21875 909.6658935546875
824 32183 32 35 1005.71875 918.0501708984375
825 31480 32 35 983.75 894.7180023193359
826 21761 32 35 680.03125 616.6610260009766
827 19430 32 35 607.1875 550.6989135742188
828 22317 32 35 697.40625 632.7120513916016
829 22198 32 35 693.6875 629.3317260742188
830 22800 32 35 712.5 646.1959075927734
831 22568 32 35 705.25 639.6527404785156
832 21062 32 35 658.1875 596.4438018798828
833 19369 32 35 605.28125 547.9946899414062
834 23400 32 35 731.25 661.6090698242188
835 28079 32 35 877.46875 791.8944854736328
836 32619 32 35 1019.34375 917.6725769042969
837 31408 32 35 981.5 880.7851409912109
838 31023 32 35 969.46875 866.6046600341797
839 29288 32 35 915.25 815.1807403564453
840 25745 32 36 804.53125 714.7891540527344
841 26297 32 36 821.78125 728.8299102783203
842 32276 32 36 1008.625 892.2263336181641
843 31311 32 36 978.46875 862.4169464111328
844 26431 32 36 825.96875 726.1322021484375
845 26472 32 36 827.25 725.0105895996094
846 27474 32 36 858.5625 750.0805053710938
847 25728 32 36 804 701.0121612548828
848 28056 32 36 876.75 762.5328674316406
849 32383 32 36 1011.96875 876.9075317382812
850 33269 32 37 1039.65625 899.0333099365234
851 32359 32 37 1011.21875 872.1183319091797
852 36968 32 37 1155.25 992.6930847167969
853 30397 32 37 949.90625 812.3309936523438
854 26872 32 37 839.75 716.3265380859375
855 26301 32 37 821.90625 700.3699188232422
856 30398 32 37 949.9375 807.82861328125
857 36507 32 37 1140.84375 966.5006866455078
858 34509 32 38 1078.40625 909.5364227294922
859 34573 32 38 1080.40625 907.4254455566406
860 30994 32 38 968.5625 809.5754699707031
861 32032 32 38 1001 833.0491485595703
862 28112 32 38 878.5 728.8864593505859
863 24714 32 38 772.3125 639.6674957275391
864 22618 32 38 706.8125 584.9143218994141
865 35009 32 38 1094.03125 903.1240844726562
866 26433 32 38 826.03125 679.3672637939453
867 21877 32 39 683.65625 561.1663970947266
868 22214 32 39 694.1875 569.0923004150391
869 22955 32 39 717.34375 587.6601104736328
870 24191 32 39 755.96875 618.7088928222656
871 25414 32 39 794.1875 649.3442077636719
872 26544 32 39 829.5 677.6007385253906
873 26599 32 39 831.21875 677.9583129882812
874 23577 32 39 736.78125 600.7909240722656
875 22313 32 39 697.28125 568.6415710449219
876 23143 32 39 723.21875 589.8503265380859
877 21428 32 39 669.625 545.6912841796875
878 20392 32 39 637.25 519.3397827148438
879 24620 32 39 769.375 627.4908294677734
880 19725 32 39 616.40625 503.72703552246094
881 17674 32 39 552.3125 452.0990447998047
882 16895 32 38 527.96875 433.1204833984375
883 16976 32 38 530.5 437.1732482910156
884 20380 32 38 636.875 526.1982116699219
885 18456 32 38 576.75 476.8967590332031
886 29375 32 38 917.96875 759.4217529296875
887 30735 32 38 960.46875 794.6378784179688
888 33334 32 38 1041.6875 859.7624206542969
889 32264 32 38 1008.25 830.2908172607422
890 30689 32 38 959.03125 788.5959320068359
891 30490 32 38 952.8125 783.2066040039062
892 35128 32 39 1097.75 899.9960327148438
893 30680 32 39 958.75 783.7906494140625
894 30337 32 39 948.03125 772.9875030517578
895 31365 32 39 980.15625 796.3851165771484
896 28439 32 39 888.71875 719.5969696044922
897 28252 32 39 882.875 714.3544158935547
898 33188 32 39 1037.125 839.4411926269531
899 33461 32 39 1045.65625 845.0011901855469
900 32693 32 39 1021.65625 824.5928802490234
901 34902 32 39 1090.6875 879.4216156005859
902 31042 32 39 970.0625 781.2583312988281
903 28584 32 39 893.25 718.5491943359375
904 30137 32 39 941.78125 758.5333862304688
905 37614 32 39 1175.4375 946.8782348632812
906 36916 32 39 1153.625 927.3298950195312
907 34780 32 39 1086.875 871.4743194580078
908 37106 32 40 1159.5625 927.8724670410156
909 31346 32 40 979.5625 782.0213317871094
910 32309 32 40 1009.65625 804.5661163330078
911 35239 32 40 1101.21875 876.0250549316406
912 41026 32 40 1282.0625 1017.4018249511719
913 39339 32 40 1229.34375 973.283203125
914 32382 32 40 1011.9375 799.9767761230469
915 27545 32 40 860.78125 680.7465057373047
916 23700 32 40 740.625 585.6147003173828
917 22574 32 40 705.4375 558.4540405273438
918 25404 32 40 793.875 629.3293304443359
919 28694 32 40 896.6875 710.9276275634766
920 27791 32 40 868.46875 688.8089752197266
921 29778 32 40 930.5625 737.9551391601562
922 26632 32 40 832.25 659.9482421875
923 26047 32 40 813.96875 645.6455078125
924 25365 32 40 792.65625 629.0501098632812
925 29207 32 40 912.71875 724.9243927001953
926 32200 32 40 1006.25 799.6933898925781
927 29638 32 40 926.1875 736.5708923339844
928 29377 32 40 918.03125 730.5354156494141
929 28221 32 40 881.90625 702.05224609375
930 30376 32 40 949.25 755.2197265625
931 29905 32 40 934.53125 743.2381134033203
932 35740 32 40 1116.875 888.0909423828125
933 39767 32 40 1242.71875 987.0129852294922
934 36796 32 40 1149.875 912.3256530761719
935 39015 32 40 1219.21875 966.7192993164062
936 36817 32 40 1150.53125 911.9368286132812
937 30754 32 40 961.0625 760.8376617431641
938 30091 32 40 940.34375 744.136474609375
939 38160 32 40 1192.5 943.4286346435547
940 34948 32 40 1092.125 862.7465972900391
941 39615 32 40 1237.96875 976.9872589111328
942 39633 32 40 1238.53125 976.5861968994141
943 36916 32 40 1153.625 908.3732604980469
944 32519 32 40 1016.21875 798.9595489501953
945 37153 32 40 1161.03125 911.1670837402344
946 36348 32 40 1135.875 889.5683898925781
947 38986 32 41 1218.3125 950.7705688476562
948 43208 32 41 1350.25 1050.2641906738281
949 37184 32 41 1162 901.2865600585938
950 41167 32 41 1286.46875 995.6689758300781
951 39402 32 41 1231.3125 950.42138671875
952 41069 32 41 1283.40625 988.0353088378906
953 45120 32 41 1410 1081.7295227050781
954 42388 32 41 1324.625 1013.6110382080078
955 38064 32 41 1189.5 908.552001953125
956 48933 32 42 1529.15625 1165.1793060302734
957 52377 32 42 1636.78125 1242.104507446289
958 35435 32 42 1107.34375 837.5450286865234
959 18500 32 42 578.125 437.2073516845703
960 12711 32 42 397.21875 301.8588104248047
961 41848 32 42 1307.75 995.3194274902344
962 29009 32 42 906.53125 690.015625
963 35803 32 42 1118.84375 851.5089416503906
964 32401 32 42 1012.53125 769.7926635742188
965 41666 32 42 1302.0625 987.9224395751953
966 39984 32 42 1249.5 943.1282653808594
967 51588 64 42 1338.609375 1209.9840240478516
968 44768 64 43 699.5 1043.348129272461
969 46284 64 43 723.1875 1073.2193756103516
970 45123 64 43 705.046875 1040.7237243652344
971 54951 64 43 858.609375 1259.08203125
972 43666 64 44 682.28125 993.8721923828125
973 43289 64 44 676.390625 980.0602416992188
974 47682 64 44 745.03125 1074.9654235839844
975 51642 64 44 806.90625 1159.5066528320312
976 51999 64 44 812.484375 1162.4929809570312
977 51012 64 45 797.0625 1135.1051940917969
978 53729 64 45 839.515625 1190.0372924804688
979 39244 64 45 613.1875 865.18994140625
980 38016 64 45 594 835.7015075683594
981 48055 64 45 750.859375 1053.263412475586
982 49355 64 45 771.171875 1078.0530853271484
983 48896 64 46 764 1062.6772003173828
984 48440 64 46 756.875 1048.1386260986328
985 45742 64 46 714.71875 985.5424346923828
986 47638 64 46 744.34375 1021.5775146484375
987 34317 64 46 536.203125 733.9302978515625
988 40125 64 46 626.953125 857.0647735595703
989 50758 64 47 793.09375 1081.3523864746094
990 55821 64 47 872.203125 1184.0577239990234
991 47350 64 47 739.84375 1000.2093353271484
992 39871 64 47 622.984375 840.9147033691406
993 44064 64 47 688.5 926.6907501220703
994 37953 64 47 593.015625 795.4991760253906
995 45580 64 47 712.1875 952.8199005126953
996 46904 64 48 732.875 978.3912353515625
997 42235 64 48 659.921875 878.91064453125
998 39669 64 48 619.828125 824.4608612060547
999 38780 64 48 605.9375 804.9169006347656
1000 32975 64 48 515.234375 683.6825866699219
1001 31376 64 48 490.25 650.3002014160156
1002 37885 64 48 591.953125 783.8981323242188
1003 37605 64 48 587.578125 775.6135559082031
1004 34603 64 48 540.671875 712.5986633300781
1005 32864 64 48 513.5 676.5224609375
1006 30144 64 48 471 619.5840454101562
1007 38090 64 48 595.15625 780.6610870361328
1008 41943 64 49 655.359375 856.9262084960938
1009 57422 64 49 897.21875 1166.982406616211
1010 56984 64 49 890.375 1150.5314483642578
1011 55241 64 49 863.140625 1108.5715942382812
1012 52502 64 50 820.34375 1047.99072265625
1013 39767 64 50 621.359375 790.1523284912109
1014 36864 64 50 576 730.2034301757812
1015 31515 64 50 492.421875 622.9244384765625
1016 39826 64 50 622.28125 785.3615417480469
1017 39568 64 51 618.25 777.1549072265625
1018 43273 64 51 676.140625 847.0881805419922
1019 74830 64 51 1169.21875 1453.9754028320312
1020 69102 64 52 1079.71875 1328.7821197509766
1021 64132 64 52 1002.0625 1221.5453033447266
1022 46309 64 53 723.578125 875.4495239257812
1023 56218 64 53 878.40625 1056.6107940673828
1024 52858 64 53 825.90625 986.9439697265625
1025 52551 64 53 821.109375 976.0543060302734
1026 44162 64 54 690.03125 816.9225463867188
1027 38840 64 54 606.875 717.5252227783203
1028 23694 64 54 370.21875 437.9201965332031
1029 30457 64 54 475.890625 563.3504943847656
1030 29612 64 54 462.6875 547.8862609863281
1031 30791 64 53 481.109375 570.0274353027344
1032 31583 64 54 493.484375 585.0297393798828
1033 38461 64 54 600.953125 711.2657470703125
1034 41024 64 54 641 757.9342956542969
1035 62194 64 54 971.78125 1144.0489959716797
1036 55615 64 54 868.984375 1017.4412231445312
1037 54812 64 55 856.4375 998.3068542480469
1038 49960 64 55 780.625 906.6577911376953
1039 54496 64 55 851.5 985.6906585693359
1040 46911 64 55 732.984375 845.9356079101562
1041 52097 64 55 814.015625 936.3400726318359
1042 44668 64 55 697.9375 800.1641998291016
1043 45809 64 56 715.765625 818.3025054931641
1044 42658 64 56 666.53125 760.7537384033203
1045 46903 64 56 732.859375 835.2943725585938
1046 66338 64 56 1036.53125 1177.1300354003906
1047 57594 64 56 899.90625 1017.1408081054688
1048 48802 64 56 762.53125 858.9422607421875
1049 33626 64 56 525.40625 590.6992645263672
1050 30911 64 56 482.984375 543.3862762451172
1051 35253 64 56 550.828125 620.3583068847656
1052 38953 64 56 608.640625 685.8462829589844
1053 35107 64 56 548.546875 617.9764862060547
1054 32121 64 56 501.890625 564.8572082519531
1055 33381 64 56 521.578125 586.304443359375
1056 27419 64 57 428.421875 480.82041931152344
1057 27964 64 57 436.9375 490.31103515625
1058 34800 64 57 543.75 609.7567443847656
1059 45102 64 57 704.71875 788.9452209472656
1060 65673 64 57 1026.140625 1142.9491271972656
1061 63613 64 57 993.953125 1100.1475677490234
1062 64876 64 58 1013.6875 1114.5079040527344
1063 47384 64 58 740.375 809.579833984375
1064 41191 64 58 643.609375 701.7724609375
1065 36589 64 58 571.703125 622.5637512207031
1066 39318 64 58 614.34375 668.2402954101562
1067 36024 64 58 562.875 611.3442993164062
1068 45612 64 59 712.6875 772.7000732421875
1069 45028 64 59 703.5625 760.4600372314453
1070 43657 64 59 682.140625 735.6098175048828
1071 43522 64 59 680.03125 732.1577911376953
1072 51317 64 59 801.828125 861.8386840820312
1073 53592 64 59 837.375 898.0023651123047
1074 54672 64 59 854.25 913.6215972900391
1075 50030 64 60 781.71875 834.0503387451172
1076 55393 64 60 865.515625 920.4752807617188
1077 50763 64 60 793.171875 840.4043121337891
1078 46964 64 60 733.8125 775.5260620117188
1079 48486 64 60 757.59375 799.4304046630859
1080 45493 64 60 710.828125 748.5245361328125
1081 44249 64 60 691.390625 727.7841033935547
1082 41954 64 60 655.53125 689.3848571777344
1083 38194 64 60 596.78125 626.9260101318359
1084 39136 64 60 611.5 642.0752410888672
1085 37733 64 60 589.578125 618.8741607666016
1086 40381 64 60 630.953125 662.0708160400391
1087 41373 64 60 646.453125 678.5352020263672
1088 41709 64 61 651.703125 683.6603546142578
1089 38955 64 60 608.671875 638.4862365722656
1090 36579 64 60 571.546875 600.0030975341797
1091 33901 64 60 529.703125 556.1270446777344
1092 34456 64 60 538.375 566.3530731201172
1093 36912 64 60 576.75 607.4747161865234
1094 42321 64 60 661.265625 696.361328125
1095 57033 64 60 891.140625 938.2934875488281
1096 65031 64 60 1016.109375 1067.636245727539
1097 56876 64 61 888.6875 931.1548614501953
1098 54004 64 61 843.8125 879.8831481933594
1099 54613 64 61 853.328125 883.8862457275391
1100 56172 64 62 877.6875 905.7611846923828
1101 65611 64 62 1025.171875 1053.0572357177734
1102 64208 64 62 1003.25 1025.267807006836
1103 58751 64 63 917.984375 934.0672302246094
1104 58352 64 63 911.75 924.5345001220703
1105 57704 64 63 901.625 911.8075866699219
1106 54446 64 63 850.71875 859.1518859863281
1107 60219 64 63 940.921875 948.8078460693359
1108 64216 64 63 1003.375 1009.1087646484375
1109 60840 64 63 950.625 953.5338134765625
1110 61516 64 63 961.1875 962.9057464599609
1111 54420 64 64 850.3125 850.1056213378906
1112 54131 64 64 845.796875 844.1991271972656
1113 53028 64 64 828.5625 826.1919250488281
1114 57311 64 64 895.484375 892.1816253662109
1115 61142 64 64 955.34375 950.6163787841797
1116 60931 64 64 952.046875 945.9020385742188
1117 57674 64 64 901.15625 894.0679931640625
1118 60145 64 64 939.765625 930.85791015625
1119 46965 64 64 733.828125 725.1108093261719
1120 52575 64 64 821.484375 811.0553741455078
1121 66085 64 65 1032.578125 1018.0960235595703
1122 61871 64 65 966.734375 950.8688659667969
1123 58749 64 65 917.953125 900.9378509521484
1124 59496 64 65 929.625 910.7595672607422
1125 57557 64 65 899.328125 879.7154235839844
1126 53883 64 65 841.921875 821.3408050537109
1127 46738 64 65 730.28125 711.0578155517578
1128 50973 64 65 796.453125 775.0762481689453
1129 57722 64 65 901.90625 877.9453125
1130 42650 64 65 666.40625 648.8320770263672
1131 45885 64 65 716.953125 697.9351806640625
1132 53257 64 65 832.140625 808.9303894042969
1133 53832 64 66 841.125 816.1080474853516
1134 58118 64 66 908.09375 879.3450622558594
1135 68915 64 66 1076.796875 1039.8315124511719
1136 66897 64 66 1045.265625 1006.1106262207031
1137 65449 64 66 1022.640625 980.5235748291016
1138 64720 64 67 1011.25 965.5850982666016
1139 61105 64 67 954.765625 908.0397644042969
1140 58958 64 67 921.21875 872.3327484130859
1141 61417 64 67 959.640625 905.4932098388672
1142 58700 64 68 917.1875 862.5214691162109
1143 69860 64 68 1091.5625 1022.3957977294922
1144 77351 64 68 1208.609375 1125.3981628417969
1145 68245 64 69 1066.328125 986.9771270751953
1146 73528 64 69 1148.875 1058.297103881836
1147 61358 64 69 958.71875 879.0227203369141
1148 55756 64 69 871.1875 798.0213623046875
1149 65044 64 69 1016.3125 930.7122955322266
1150 78923 64 70 1233.171875 1126.6873321533203
1151 72195 64 70 1128.046875 1027.3823699951172
1152 64695 64 70 1010.859375 917.490478515625
1153 66052 64 70 1032.0625 933.1577758789062
1154 64870 64 71 1013.59375 912.4282531738281
1155 50164 64 71 783.8125 703.4654846191406
1156 64989 64 71 1015.453125 909.0719604492188
1157 68110 64 71 1064.21875 949.5140075683594
1158 65580 64 71 1024.6875 913.4969940185547
1159 64401 64 71 1006.265625 898.0525054931641
1160 68646 64 71 1072.59375 957.6899261474609
1161 56418 64 71 881.53125 785.6962127685547
1162 47693 64 71 745.203125 664.0060577392578
1163 63001 64 71 984.390625 877.4780578613281
1164 60856 64 71 950.875 846.0871124267578
1165 65357 64 72 1021.203125 907.1295623779297
1166 55578 64 72 868.40625 769.2481384277344
1167 52212 64 72 815.8125 720.1745910644531
1168 60889 64 72 951.390625 836.2936706542969
1169 56847 64 73 888.234375 777.6829681396484
1170 63333 64 73 989.578125 863.1386871337891
1171 60535 64 73 945.859375 821.2591094970703
1172 62322 64 74 973.78125 842.8733825683594
1173 53102 64 74 829.71875 716.2921600341797
1174 59911 64 74 936.109375 808.1256713867188
1175 80588 64 74 1259.1875 1084.1838073730469
1176 48383 64 74 755.984375 650.4707183837891
1177 51224 64 74 800.375 689.334716796875
1178 51257 64 74 800.890625 689.3202514648438
1179 51182 64 74 799.71875 688.1639709472656
1180 46284 64 74 723.1875 622.6208648681641
1181 45670 64 74 713.59375 614.6383666992188
1182 41985 64 74 656.015625 565.0447082519531
1183 40341 64 74 630.328125 543.0166320800781
1184 42627 64 74 666.046875 574.3279724121094
1185 53466 64 74 835.40625 721.2918548583984
1186 45464 64 73 710.375 614.2802886962891
1187 53493 64 73 835.828125 723.1872253417969
1188 47870 64 74 747.96875 646.1652679443359
1189 38598 64 74 603.09375 520.1231079101562
1190 38188 64 74 596.6875 514.0804595947266
1191 45491 64 74 710.796875 612.4099273681641
1192 49220 64 74 769.0625 661.3986206054688
1193 50293 64 74 785.828125 674.5235595703125
1194 47269 64 74 738.578125 632.5439910888672
1195 44175 64 74 690.234375 589.9817047119141
1196 37170 64 75 580.78125 495.2489776611328
1197 38482 64 75 601.28125 512.6157531738281
1198 44194 64 75 690.53125 588.3266296386719
1199 51706 64 74 807.90625 689.5139007568359
1200 52048 64 74 813.25 695.2347717285156
1201 44601 64 74 696.890625 596.9301300048828
1202 47990 64 74 749.84375 643.2575073242188
1203 38248 64 74 597.625 512.6327209472656
1204 37330 64 74 583.28125 500.4720916748047
1205 44113 64 74 689.265625 590.9914245605469
1206 56650 64 74 885.15625 758.0062408447266
1207 47665 64 74 744.765625 636.3979339599609
1208 46506 64 74 726.65625 620.9220886230469
1209 44480 64 74 695 593.8720703125
1210 39074 64 74 610.53125 521.6978607177734
1211 34662 64 74 541.59375 463.62416076660156
1212 46352 64 74 724.25 620.9329223632812
1213 49594 64 74 774.90625 665.039306640625
1214 50169 64 74 783.890625 672.8904876708984
1215 44150 64 74 689.84375 592.6310272216797
1216 47169 64 74 737.015625 633.8097686767578
1217 36432 64 74 569.25 490.0645446777344
1218 38157 64 74 596.203125 513.9208526611328
1219 46695 64 74 729.609375 629.1455841064453
1220 46462 64 74 725.96875 626.0062561035156
1221 47218 64 74 737.78125 635.54931640625
1222 48118 64 74 751.84375 647.0166625976562
1223 43059 64 74 672.796875 578.7175598144531
1224 38054 64 74 594.59375 511.011474609375
1225 32790 64 74 512.34375 440.7025604248047
1226 46114 64 74 720.53125 619.9101867675781
1227 45431 64 74 709.859375 610.5928039550781
1228 47350 64 74 739.84375 635.7131805419922
1229 46399 64 74 724.984375 622.1666107177734
1230 45715 64 74 714.296875 612.2151489257812
1231 35825 64 74 559.765625 479.34002685546875
1232 32750 64 74 511.71875 438.2321319580078
1233 44756 64 74 699.3125 598.9522247314453
1234 46501 64 74 726.578125 622.4143218994141
1235 43178 64 74 674.65625 579.7478332519531
1236 60173 64 74 940.203125 809.2306365966797
1237 96504 64 74 1507.875 1292.9371032714844
1238 78099 64 75 1220.296875 1041.8627471923828
1239 63578 64 75 993.40625 846.1091156005859
1240 80140 64 75 1252.1875 1065.6736755371094
1241 87035 64 75 1359.921875 1154.0499572753906
1242 85729 64 75 1339.515625 1133.1891326904297
1243 78057 64 76 1219.640625 1028.4323425292969
1244 79132 64 76 1236.4375 1039.5611114501953
1245 75308 64 76 1176.6875 986.5808258056641
1246 60983 64 76 952.859375 798.0195770263672
1247 77410 64 76 1209.53125 1012.4871063232422
1248 77889 64 76 1217.015625 1016.1055297851562
1249 74025 64 76 1156.640625 963.8468627929688
1250 75868 64 77 1185.4375 985.5139923095703
1251 75775 64 77 1183.984375 981.8728332519531
1252 63575 64 77 993.359375 821.7642669677734
1253 63779 64 77 996.546875 823.3836212158203
1254 75222 64 77 1175.34375 970.5272979736328
1255 78296 64 77 1223.375 1007.7733917236328
1256 74332 64 77 1161.4375 954.8120422363281
1257 74211 64 78 1159.546875 951.0759735107422
1258 67232 64 78 1050.5 859.8720397949219
1259 66065 64 78 1032.265625 843.2186126708984
1260 60987 64 78 952.921875 777.9713745117188
1261 71049 64 78 1110.140625 906.2153167724609
1262 76118 64 78 1189.34375 969.0570526123047
1263 71812 64 78 1122.0625 912.6052093505859
1264 65542 64 78 1024.09375 831.6499938964844
1265 67115 64 78 1048.671875 850.6808776855469
1266 58418 64 79 912.78125 739.0171966552734
1267 48718 64 79 761.21875 616.2556915283203
1268 62311 64 79 973.609375 788.0490417480469
1269 64064 64 79 1001 808.4217224121094
1270 55872 64 79 873 703.6138916015625
1271 54863 64 79 857.234375 690.6429290771484
1272 43782 64 79 684.09375 551.4955749511719
1273 38223 64 79 597.234375 482.15476989746094
1274 38514 64 78 601.78125 487.47059631347656
1275 43307 64 78 676.671875 550.3268737792969
1276 51347 64 78 802.296875 653.781005859375
1277 49013 64 78 765.828125 625.2144470214844
1278 51969 64 78 812.015625 664.0460510253906
1279 46172 64 78 721.4375 590.9430236816406
1280 38003 64 77 593.796875 487.2415466308594
1281 39224 64 77 612.875 504.5397033691406
1282 49420 64 77 772.1875 637.4074096679688
1283 48146 64 77 752.28125 623.033935546875
1284 47355 64 77 739.921875 614.4797058105469
1285 47766 64 76 746.34375 621.7780456542969
1286 44421 64 76 694.078125 579.8829803466797
1287 37455 64 76 585.234375 489.9567413330078
1288 34302 64 76 535.96875 450.3149871826172
1289 50670 64 75 791.71875 668.0506591796875
1290 45923 64 75 717.546875 607.4378356933594
1291 46950 64 75 733.59375 622.9925079345703
1292 50290 64 75 785.78125 668.7708587646484
1293 47294 64 74 738.96875 630.1832122802734
1294 59352 64 75 927.375 790.9770202636719
1295 59262 64 74 925.96875 789.9008636474609
1296 66853 64 74 1044.578125 891.1653442382812
1297 70803 64 75 1106.296875 943.4034423828125
1298 67853 64 75 1060.203125 903.8645782470703
1299 69369 64 75 1083.890625 923.8224334716797
1300 67851 64 75 1060.171875 903.0389556884766
1301 56880 64 75 888.75 755.7280578613281
1302 58636 64 75 916.1875 778.5700073242188
1303 71421 64 75 1115.953125 948.8050537109375
1304 67392 64 75 1053 894.3423309326172
1305 69577 64 75 1087.140625 922.0920562744141
1306 71702 64 75 1120.34375 948.1262664794922
1307 65766 64 75 1027.59375 868.5904083251953
1308 61975 64 75 968.359375 817.8869018554688
1309 58122 64 75 908.15625 766.9456634521484
1310 67254 64 75 1050.84375 887.3946838378906
1311 61193 64 75 956.140625 807.3102264404297
1312 73647 64 76 1150.734375 970.0226593017578
1313 66147 64 75 1033.546875 869.3693084716797
1314 61063 64 75 954.109375 804.7845001220703
1315 54699 64 75 854.671875 720.4342498779297
1316 56851 64 76 888.296875 747.8536834716797
1317 66029 64 76 1031.703125 868.0325775146484
1318 64601 64 76 1009.390625 847.4049072265625
1319 58465 64 76 913.515625 765.6096343994141
1320 55772 64 76 871.4375 729.1517181396484
1321 50962 64 76 796.28125 665.4586639404297
1322 44058 64 76 688.40625 574.7923278808594
1323 48433 64 76 756.765625 631.6512451171875
1324 61653 64 76 963.328125 803.2668304443359
1325 60870 64 76 951.09375 791.8199768066406
1326 63232 64 77 988 821.4351959228516
1327 61508 64 77 961.0625 797.7336730957031
1328 60461 64 77 944.703125 782.2502136230469
1329 56347 64 77 880.421875 726.9735717773438
1330 50936 64 77 795.875 655.97509765625
1331 56778 64 77 887.15625 731.0840148925781
1332 73022 64 77 1140.96875 938.0006561279297
1333 69292 64 78 1082.6875 887.781982421875
1334 66844 64 78 1044.4375 853.8693237304688
1335 61583 64 78 962.234375 784.3394012451172
1336 55593 64 78 868.640625 706.0247497558594
1337 56482 64 78 882.53125 716.0763092041016
1338 67412 64 79 1053.3125 853.3625183105469
1339 76616 64 79 1197.125 967.1770782470703
1340 69253 64 79 1082.078125 871.8271789550781
1341 72813 64 79 1137.703125 913.4555511474609
1342 71811 64 80 1122.046875 897.5187683105469
1343 62205 64 80 971.953125 774.5569458007812
1344 56111 64 80 876.734375 697.1673736572266
1345 67513 64 80 1054.890625 838.3014526367188
1346 91236 64 81 1425.5625 1128.3888244628906
1347 89993 64 81 1406.140625 1106.9789581298828
1348 84564 64 81 1321.3125 1034.5559692382812
1349 66574 64 82 1040.21875 811.2938995361328
1350 66652 64 82 1041.4375 809.1057434082031
1351 68287 64 82 1066.984375 826.4266357421875
1352 75785 64 82 1184.140625 914.5853424072266
1353 79870 64 83 1247.96875 960.5202331542969
1354 78994 64 83 1234.28125 946.2872314453125
1355 74493 64 83 1163.953125 889.057861328125
1356 62158 64 84 971.21875 739.5232696533203
1357 59525 64 84 930.078125 706.0967559814453
1358 61711 64 84 964.234375 730.5237274169922
1359 62660 64 84 979.0625 740.3903656005859
1360 64425 64 84 1006.640625 759.8101196289062
1361 79823 64 85 1247.234375 938.7700042724609
1362 77857 128 85 901.8671875 911.8976287841797
1363 70860 128 85 553.59375 826.7933349609375
1364 60956 128 86 476.21875 708.542236328125
1365 55055 128 86 430.1171875 638.8477172851562
1366 69779 128 86 545.1484375 808.0932159423828
1367 76390 128 86 596.796875 881.9794769287109
1368 71461 128 87 558.2890625 822.2843017578125
1369 67770 128 87 529.453125 777.7660980224609
1370 66641 128 87 520.6328125 762.3984527587891
1371 61253 128 87 478.5390625 698.1077575683594
1372 57896 128 87 452.3125 658.4207305908203
1373 61379 128 88 479.5234375 697.3863220214844
1374 76465 128 88 597.3828125 865.8985290527344
1375 68160 128 88 532.5 769.9859466552734
1376 66370 128 88 518.515625 751.3873291015625
1377 64833 128 88 506.5078125 735.5496368408203
1378 58142 128 87 454.234375 660.0895233154297
1379 54260 128 87 423.90625 617.2525482177734
1380 71548 128 87 558.96875 816.2960357666016
1381 72077 128 87 563.1015625 823.4599609375
1382 70381 128 87 549.8515625 805.1714172363281
1383 67496 128 87 527.3125 773.0912475585938
1384 66496 128 87 519.5 762.2649078369141
1385 56669 128 87 442.7265625 650.2412261962891
1386 50492 128 86 394.46875 580.1043090820312
1387 54274 128 86 424.015625 625.7279205322266
1388 59691 128 86 466.3359375 689.5727996826172
1389 51912 128 86 405.5625 601.1545104980469
1390 54351 128 86 424.6171875 630.9450988769531
1391 48855 128 85 381.6796875 568.1643981933594
1392 43362 128 85 338.765625 505.3970031738281
1393 43259 64 85 357.5234375 505.8290710449219
1394 55178 64 85 862.15625 647.1986236572266
1395 53492 64 84 835.8125 629.0101928710938
1396 50433 64 84 788.015625 594.6289978027344
1397 52574 64 84 821.46875 621.2967376708984
1398 46684 64 84 729.4375 552.6639251708984
1399 40108 64 84 626.6875 475.9553985595703
1400 41902 64 83 654.71875 498.7239532470703
1401 45790 64 83 715.46875 547.2043762207031
1402 50100 64 83 782.8125 600.3626861572266
1403 48737 64 83 761.515625 585.502197265625
1404 49946 64 82 780.40625 601.0534515380859
1405 55175 64 82 862.109375 665.1039123535156
1406 49894 64 82 779.59375 601.2282409667969
1407 57757 64 82 902.453125 696.1247100830078
1408 59004 64 82 921.9375 712.0885467529297
1409 66266 64 82 1035.40625 799.07958984375
1410 61118 64 83 954.96875 736.0601501464844
1411 64637 64 83 1009.953125 777.1647033691406
1412 64876 64 83 1013.6875 777.8141937255859
1413 53984 64 83 843.5 645.4606170654297
1414 52142 64 83 814.71875 622.4214935302734
1415 61903 64 83 967.234375 738.4216918945312
1416 66019 64 84 1031.546875 786.1304473876953
1417 62760 64 84 980.625 746.3185882568359
1418 59498 64 84 929.65625 706.2559356689453
1419 65134 64 84 1017.71875 771.2802886962891
1420 57058 64 84 891.53125 673.8941345214844
1421 56286 64 84 879.46875 663.8958435058594
1422 60997 64 84 953.078125 718.7861175537109
1423 61466 64 85 960.40625 722.9622039794922
1424 62283 64 85 973.171875 731.3386688232422
1425 60520 128 85 914.25 709.4024353027344
1426 58555 128 85 457.4609375 684.7922973632812
1427 53786 128 85 420.203125 627.3793182373047
1428 52824 128 85 412.6875 615.6974182128906
1429 61270 128 86 478.671875 713.2971954345703
1430 61306 128 86 478.953125 712.280517578125
1431 62549 128 86 488.6640625 725.6672668457031
1432 57991 128 86 453.0546875 671.8445281982422
1433 57497 128 86 449.1953125 665.8969573974609
1434 56580 128 86 442.03125 655.2767944335938
1435 51597 128 86 403.1015625 598.6457061767578
1436 58078 128 86 453.734375 675.1105651855469
1437 61469 128 85 480.2265625 714.8579559326172
1438 56153 128 85 438.6953125 653.9343872070312
1439 57923 128 85 452.5234375 675.4421844482422
1440 57749 128 85 451.1640625 673.7484130859375
1441 51634 128 85 403.390625 602.6781768798828
1442 46548 128 85 364.2734375 544.2173461914062
1443 54555 64 85 851.9296875 639.3865814208984
1444 56319 64 85 879.984375 660.9536285400391
1445 61107 64 85 954.796875 718.2983245849609
1446 58209 64 85 909.515625 684.8013153076172
1447 57122 64 84 892.53125 672.4851379394531
1448 45268 64 84 707.3125 533.5108032226562
1449 49968 64 84 780.75 589.8500061035156
1450 56840 64 84 888.125 672.1649169921875
1451 52920 64 84 826.875 626.7432708740234
1452 55928 64 84 873.875 663.5076446533203
1453 52872 64 84 826.125 627.661376953125
1454 53390 64 84 834.21875 634.3141479492188
1455 45728 64 84 714.5 543.6520690917969
1456 48817 64 83 762.765625 581.3828887939453
1457 55648 64 83 869.5 663.9591522216797
1458 59010 64 83 922.03125 704.1293334960938
1459 59868 64 83 935.4375 714.3673095703125
1460 54132 64 83 845.8125 645.5868072509766
1461 56246 64 84 878.84375 670.0040435791016
1462 49592 64 84 774.875 590.23681640625
1463 48591 64 83 759.234375 578.7424926757812
1464 52436 64 83 819.3125 625.5292816162109
1465 62945 64 83 983.515625 751.0832214355469
1466 60742 64 83 949.09375 724.7962036132812
1467 58118 64 83 908.09375 693.4856567382812
1468 51901 64 83 810.953125 619.9530487060547
1469 49579 64 83 774.671875 592.3516387939453
1470 49158 64 83 768.09375 587.4547119140625
1471 51632 64 83 806.75 618.3831481933594
1472 62237 64 83 972.453125 746.5314178466797
1473 58907 64 83 920.421875 707.2826843261719
1474 56817 64 83 887.765625 682.6219329833984
1475 56504 64 83 882.875 679.0492401123047
1476 51867 64 83 810.421875 623.5855407714844
1477 50083 64 82 782.546875 602.7634582519531
1478 59941 64 82 936.578125 723.2409057617188
1479 60226 64 82 941.03125 727.1819915771484
1480 52198 64 82 815.59375 631.8033294677734
1481 57983 64 82 905.984375 703.3057250976562
1482 56097 64 82 876.515625 681.2034301757812
1483 47182 64 82 737.21875 573.5525817871094
1484 41505 64 81 648.515625 505.4149627685547
1485 56682 64 81 885.65625 693.1996002197266
1486 66035 64 81 1031.796875 810.3540344238281
1487 65091 64 81 1017.046875 801.1960601806641
1488 61909 64 81 967.328125 763.0796508789062
1489 62611 64 81 978.296875 771.9373779296875
1490 51934 64 80 811.46875 640.8285980224609
1491 54250 64 80 847.65625 671.2458343505859
1492 58931 64 80 920.796875 731.1707611083984
1493 59447 64 80 928.859375 739.2743988037109
1494 60361 64 80 943.140625 752.2259826660156
1495 56207 64 80 878.234375 701.1309967041016
1496 52625 64 80 822.265625 656.9010314941406
1497 52803 64 80 825.046875 660.1897735595703
1498 51085 64 79 798.203125 639.3729248046875
1499 58180 64 79 909.0625 728.8522033691406
1500 62572 64 79 977.6875 785.3991394042969
1501 51752 64 79 808.625 651.1763305664062
1502 46546 64 79 727.28125 587.5099639892578
1503 46200 64 78 721.875 584.5244445800781
1504 34281 64 78 535.640625 434.4827117919922
1505 42144 64 78 658.5 535.9730682373047
1506 49327 64 78 770.734375 629.697265625
1507 52884 64 78 826.3125 676.9846649169922
1508 56874 64 77 888.65625 729.4393463134766
1509 61129 64 77 955.140625 784.6136932373047
1510 57111 64 77 892.359375 733.7564392089844
1511 51129 64 77 798.890625 657.1334838867188
1512 50080 64 77 782.5 644.4412078857422
1513 54341 64 77 849.078125 701.1659240722656
1514 56971 64 77 890.171875 736.5982360839844
1515 60484 64 77 945.0625 783.0190277099609
1516 68591 64 77 1071.734375 887.5683898925781
1517 63308 64 77 989.1875 819.051025390625
1518 62000 64 77 968.75 801.2512512207031
1519 62753 64 77 980.515625 811.1108551025391
1520 62161 64 77 971.265625 804.8414306640625
1521 70593 64 77 1103.015625 914.5018615722656
1522 69017 64 77 1078.390625 893.6248474121094
1523 66400 64 77 1037.5 859.4473419189453
1524 66420 64 77 1037.8125 859.2284240722656
1525 54762 64 77 855.65625 707.7547302246094
1526 55287 64 77 863.859375 714.3702392578125
1527 70757 64 77 1105.578125 913.9773101806641
1528 71671 64 77 1119.859375 923.4039459228516
1529 72940 64 77 1139.6875 937.5579986572266
1530 66522 64 78 1039.40625 852.9750366210938
1531 57337 64 78 895.890625 733.7097625732422
1532 50480 64 78 788.75 644.8213195800781
1533 50657 64 78 791.515625 647.5366058349609
1534 61580 64 78 962.1875 786.9869079589844
1535 59803 64 78 934.421875 763.2553253173828
1536 52903 64 78 826.609375 674.7610778808594
1537 59931 64 78 936.421875 763.666748046875
1538 56141 64 78 877.203125 713.9414825439453
1539 46427 64 78 725.421875 589.4424438476562
1540 51893 64 78 810.828125 658.4236297607422
1541 62107 64 78 970.421875 787.2621307373047
1542 61046 64 79 953.84375 772.6609344482422
1543 62217 64 79 972.140625 786.4474029541016
1544 53425 64 79 834.765625 674.6054992675781
1545 58696 64 79 917.125 741.1037445068359
1546 50133 64 79 783.328125 632.7872619628906
1547 45566 64 79 711.96875 576.1772155761719
1548 63325 64 78 989.453125 801.8265533447266
1549 66589 64 79 1040.453125 842.4806365966797
1550 57204 64 78 893.8125 723.8419647216797
1551 56103 64 78 876.609375 710.6935882568359
1552 42825 64 78 669.140625 543.1529693603516
1553 36733 64 78 573.953125 466.5695343017578
1554 37065 64 78 579.140625 472.2219543457031
1555 51083 64 78 798.171875 652.7562561035156
1556 51669 64 78 807.328125 661.0749359130859
1557 62403 64 78 975.046875 799.1516876220703
1558 75100 64 78 1173.4375 960.416015625
1559 78590 64 78 1227.96875 1002.8015747070312
1560 65336 64 78 1020.875 832.0615539550781
1561 68296 64 78 1067.125 869.0970306396484
1562 84897 64 78 1326.515625 1078.1986236572266
1563 92626 64 79 1447.28125 1172.1759185791016
1564 93271 64 79 1457.359375 1175.6548461914062
1565 83286 64 79 1301.34375 1045.9372100830078
1566 73461 64 79 1147.828125 919.9946899414062
1567 68273 64 80 1066.765625 853.2281646728516
1568 68286 64 80 1066.96875 852.3194122314453
1569 76710 64 80 1198.59375 955.8055877685547
1570 80958 64 80 1264.96875 1006.8492279052734
1571 77427 64 80 1209.796875 960.5641937255859
1572 81097 64 80 1267.140625 1003.3835601806641
1573 73779 64 81 1152.796875 910.4290771484375
1574 60815 64 81 950.234375 749.0554504394531
1575 66840 64 81 1044.375 822.5214233398438
1576 75627 64 81 1181.671875 929.4608001708984
1577 77223 64 81 1206.609375 946.8943481445312
1578 74887 64 81 1170.109375 916.2922668457031
1579 77242 64 82 1206.90625 943.1126708984375
1580 71628 64 82 1119.1875 872.2085418701172
1581 61872 64 82 966.75 751.8204040527344
1582 65579 64 82 1024.671875 795.5861206054688
1583 74142 64 82 1158.46875 898.2330322265625
1584 69478 64 82 1085.59375 840.2446746826172
1585 74831 64 82 1169.234375 903.5025177001953
1586 72236 64 83 1128.6875 870.3710784912109
1587 64890 64 83 1013.90625 780.1930847167969
1588 56668 64 83 885.4375 680.2619781494141
1589 67239 64 83 1050.609375 806.4010314941406
1590 60420 64 83 944.0625 723.7197875976562
1591 64923 64 83 1014.421875 777.1656188964844
1592 73310 64 83 1145.46875 876.1446533203125
1593 75677 64 84 1182.453125 901.6763763427734
1594 66269 64 84 1035.453125 787.8470458984375
1595 61623 64 84 962.859375 730.9991455078125
1596 63278 64 84 988.71875 750.0874481201172
1597 93543 64 84 1461.609375 1105.8841400146484
1598 100904 64 85 1576.625 1187.452880859375
1599 86052 128 85 1044.2890625 1008.2188720703125
1600 72224 128 85 564.25 843.6050872802734
1601 66058 128 85 516.078125 770.4047241210938
1602 58144 128 85 454.25 676.93896484375
1603 93591 128 86 731.1796875 1086.9083099365234
1604 94081 128 86 735.0078125 1087.4299926757812
1605 101534 128 87 793.234375 1169.3718872070312
1606 92477 128 87 722.4765625 1060.0301055908203
1607 70430 128 87 550.234375 804.8956909179688
1608 66790 128 87 521.796875 761.6687622070312
1609 58766 128 87 459.109375 669.2044677734375
1610 59018 128 87 461.078125 671.6671295166016
1611 73127 128 88 571.3046875 831.1602630615234
1612 74216 128 88 579.8125 842.2067413330078
1613 68393 128 88 534.3203125 774.7288360595703
1614 70822 128 88 553.296875 801.27099609375
1615 63781 128 88 498.2890625 720.5030212402344
1616 50853 128 88 397.2890625 574.2068481445312
1617 66145 128 88 516.7578125 746.7399291992188
1618 70865 128 88 553.6328125 799.0610656738281
1619 72728 128 88 568.1875 818.3036041259766
1620 78668 128 89 614.59375 883.6005096435547
1621 64618 128 89 504.828125 724.0939025878906
1622 143525 128 90 1121.2890625 1599.630599975586
1623 106459 128 90 831.7109375 1174.994155883789
1624 29613 128 90 231.3515625 326.3463592529297
1625 50053 128 90 391.0390625 553.1322479248047
1626 53115 128 90 414.9609375 587.8619079589844
1627 68954 128 90 538.703125 763.5639343261719
1628 73702 128 90 575.796875 814.9262084960938
1629 97917 128 90 764.9765625 1079.3169555664062
1630 56433 128 91 440.8828125 620.1141510009766
1631 55042 128 90 430.015625 605.3861236572266
1632 59848 128 90 467.5625 658.4229736328125
1633 57304 128 90 447.6875 630.3911743164062
1634 50291 128 90 392.8984375 553.2808074951172
1635 58802 128 90 459.390625 646.9153137207031
1636 52391 128 90 409.3046875 576.0434722900391
1637 41255 128 90 322.3046875 453.9346618652344
1638 41419 128 90 323.5859375 456.5847930908203
1639 48631 128 90 379.9296875 537.1253356933594
1640 51584 128 90 403 569.8671875
1641 47897 128 90 374.1953125 529.1355590820312
1642 47286 128 90 369.421875 522.3856201171875
1643 42257 128 90 330.1328125 466.4858703613281
1644 36769 128 90 287.2578125 405.6945495605469
1645 41944 128 90 327.6875 463.37060546875
1646 48508 128 90 378.96875 536.5980682373047
1647 47646 128 90 372.234375 527.0896911621094
1648 44823 128 90 350.1796875 496.7672119140625
1649 45283 128 90 353.7734375 502.44630432128906
1650 44142 128 90 344.859375 490.346923828125
1651 37456 128 89 292.625 416.5269775390625
1652 38868 128 89 303.65625 432.9007568359375
1653 49196 128 89 384.34375 548.7407836914062
1654 49531 128 89 386.9609375 552.9058532714844
1655 47669 128 89 372.4140625 533.3078308105469
1656 46518 128 89 363.421875 521.2446594238281
1657 47789 128 89 373.3515625 536.5845031738281
1658 36875 128 88 288.0859375 414.83685302734375
1659 40550 128 88 316.796875 457.48834228515625
1660 50430 128 88 393.984375 570.4437103271484
1661 51267 128 88 400.5234375 581.1146697998047
1662 47463 128 87 370.8046875 539.1585235595703
1663 45727 128 87 357.2421875 520.6483001708984
1664 44150 128 87 344.921875 503.3328857421875
1665 40864 128 87 319.25 466.5298614501953
1666 42372 128 87 331.03125 485.08221435546875
1667 49146 128 87 383.953125 564.3398742675781
1668 51256 128 86 400.4375 589.8667602539062
1669 50337 128 86 393.2578125 580.5780487060547
1670 44504 128 86 347.6875 514.1468048095703
1671 41354 128 86 323.078125 478.30706787109375
1672 35582 128 86 277.984375 412.12648010253906
1673 35244 128 86 275.34375 409.2212677001953
1674 49892 128 85 389.78125 580.5915374755859
1675 52074 128 85 406.828125 606.2692565917969
1676 47957 128 85 374.6640625 558.6171417236328
1677 48106 128 85 375.828125 561.3594055175781
1678 45039 128 85 351.8671875 525.7390594482422
1679 36491 128 85 285.0859375 426.27406311035156
1680 41578 64 85 552.25 487.1220245361328
1681 56051 64 85 875.796875 657.0512237548828
1682 51225 64 85 800.390625 601.1648101806641
1683 46367 64 85 724.484375 544.7782897949219
1684 49455 64 85 772.734375 581.6586761474609
1685 42075 64 84 657.421875 495.2233123779297
1686 38297 64 84 598.390625 451.17039489746094
1687 38129 64 84 595.765625 450.22283935546875
1688 52288 64 84 817 618.6822357177734
1689 49094 64 84 767.09375 581.9708404541016
1690 59972 64 84 937.0625 711.0327758789062
1691 71845 64 84 1122.578125 849.9602203369141
1692 61419 64 84 959.671875 724.1879272460938
1693 52346 64 85 817.90625 615.5969696044922
1694 64837 64 85 1013.078125 761.2269439697266
1695 78801 128 85 978.203125 923.1179656982422
1696 68214 128 85 532.921875 797.2123870849609
1697 74863 128 85 584.8671875 875.0161437988281
1698 63185 64 85 537.359375 739.5016937255859
1699 67932 128 85 675.4453125 795.3242340087891
1700 53523 64 85 834.3203125 627.3040618896484
1701 47644 64 84 744.4375 559.9797515869141
1702 52824 64 84 825.375 623.8190460205078
1703 56122 64 84 876.90625 666.0340728759766
1704 60974 64 83 952.71875 726.2583465576172
1705 51963 64 83 811.921875 620.1449279785156
1706 56874 64 83 888.65625 680.2083129882812
1707 47958 64 83 749.34375 574.4936828613281
1708 48784 64 83 762.25 586.3595581054688
1709 64494 64 82 1007.71875 777.2885589599609
1710 51679 64 82 807.484375 624.4195404052734
1711 51038 64 82 797.46875 618.8287048339844
1712 51419 64 82 803.421875 625.4979248046875
1713 47506 64 82 742.28125 578.959228515625
1714 40484 64 81 632.5625 494.50816345214844
1715 45861 64 81 716.578125 562.2904663085938
1716 51277 64 81 801.203125 630.6915435791016
1717 48709 64 80 761.078125 601.04248046875
1718 52691 64 80 823.296875 652.3154754638672
1719 50410 64 80 787.65625 625.7530212402344
1720 48421 64 80 756.578125 602.2288818359375
1721 40443 64 80 631.921875 504.2118225097656
1722 46737 64 79 730.265625 584.8176422119141
1723 49472 64 79 773 620.8005676269531
1724 54310 64 79 848.59375 683.3367309570312
1725 52077 64 79 813.703125 656.8859252929688
1726 46137 64 79 720.890625 583.3150177001953
1727 44343 64 78 692.859375 561.6465911865234
1728 42755 64 78 668.046875 542.9767303466797
1729 46016 64 78 719 585.7770843505859
1730 49573 64 78 774.578125 632.1704406738281
1731 50722 64 78 792.53125 648.437255859375
1732 45586 64 77 712.28125 584.9331817626953
1733 47883 64 77 748.171875 615.9376678466797
1734 52345 64 77 817.890625 674.9769897460938
1735 61624 64 77 962.875 794.4432830810547
1736 63269 64 77 988.578125 818.1470947265625
1737 79356 64 77 1239.9375 1029.6985168457031
1738 82894 64 76 1295.21875 1077.8456573486328
1739 76510 64 77 1195.46875 993.5506744384766
1740 73482 64 77 1148.15625 953.7309722900391
1741 68410 64 77 1068.90625 886.8167419433594
1742 62143 64 76 970.984375 806.4849548339844
1743 71646 64 76 1119.46875 934.5435333251953
1744 76474 64 76 1194.90625 998.8537902832031
1745 65921 64 76 1030.015625 865.2656555175781
1746 57059 64 76 891.546875 750.3468933105469
1747 57449 64 75 897.640625 756.3552703857422
1748 51096 64 75 798.375 673.3610534667969
1749 45293 64 75 707.703125 597.585693359375
1750 48168 64 75 752.625 637.5894927978516
1751 65268 64 75 1019.8125 865.5223846435547
1752 50923 64 75 795.671875 676.6914825439453
1753 49013 64 74 765.828125 652.8257446289062
1754 41267 64 74 644.796875 551.3699951171875
1755 40904 64 74 639.125 547.4691162109375
1756 31230 64 74 487.96875 419.3500213623047
1757 37978 64 73 593.40625 512.6118621826172
1758 46064 64 73 719.75 624.2033996582031
1759 47470 64 73 741.71875 645.1913909912109
1760 46864 64 73 732.25 639.6869659423828
1761 42739 64 72 667.796875 588.4690093994141
1762 41062 64 71 641.59375 572.6737060546875
1763 33816 64 71 528.375 472.3831329345703
1764 36301 64 71 567.203125 507.6300506591797
1765 54294 64 71 848.34375 760.1205749511719
1766 46389 64 71 724.828125 649.9133911132812
1767 46192 64 70 721.75 649.7989044189453
1768 43800 64 70 684.375 620.0512847900391
1769 44919 64 70 701.859375 638.2756500244141
1770 38326 64 70 598.84375 545.7437896728516
1771 41632 64 69 650.5 594.4401550292969
1772 53107 64 69 829.796875 759.3179168701172
1773 55104 64 69 861 788.0288391113281
1774 49890 64 69 779.53125 713.5122680664062
1775 44503 64 69 695.359375 637.5525665283203
1776 47443 64 69 741.296875 679.4128875732422
1777 42138 64 69 658.40625 603.1104125976562
1778 45518 64 69 711.21875 651.6005401611328
1779 50206 64 69 784.46875 719.3516082763672
1780 52089 64 69 813.890625 745.7580871582031
1781 50026 64 69 781.65625 716.0093383789062
1782 48190 64 69 752.96875 689.1887054443359
1783 40642 64 70 635.03125 580.7376708984375
1784 41823 64 70 653.484375 597.3255615234375
1785 43585 64 69 681.015625 622.6798095703125
1786 51316 64 69 801.8125 733.5722045898438
1787 51055 64 70 797.734375 729.2115783691406
1788 51797 64 70 809.328125 739.3349914550781
1789 49975 64 70 780.859375 712.3577117919922
1790 47418 64 70 740.90625 675.2330627441406
1791 42910 64 70 670.46875 610.2819366455078
1792 46718 64 70 729.96875 664.4098815917969
1793 53835 64 70 841.171875 765.7483215332031
1794 52468 64 70 819.8125 745.7223358154297
1795 51190 64 70 799.84375 727.2016906738281
1796 50625 64 70 791.015625 718.7072143554688
1797 48824 64 70 762.875 692.3581695556641
1798 41819 64 70 653.421875 592.5957641601562
1799 46948 64 70 733.5625 665.4962921142578
1800 48218 64 70 753.40625 683.5865631103516
1801 46423 64 70 725.359375 658.2279663085938
1802 44736 64 70 699 634.7190093994141
1803 44086 64 70 688.84375 625.3051605224609
1804 38237 64 70 597.453125 542.5452117919922
1805 34660 64 70 541.5625 492.0328369140625
1806 39868 64 70 622.9375 566.61767578125
1807 48833 64 70 763.015625 695.1294403076172
1808 48345 64 70 755.390625 687.8230133056641
1809 50119 64 70 783.109375 712.9809265136719
1810 42885 64 70 670.078125 609.8757934570312
1811 45442 64 70 710.03125 645.8084411621094
1812 36683 64 70 573.171875 520.5960998535156
1813 44591 64 70 696.734375 633.4029998779297
1814 48176 64 70 752.75 684.5068206787109
1815 50225 64 70 784.765625 714.1050872802734
1816 45428 64 70 709.8125 645.5137786865234
1817 48310 64 70 754.84375 686.6773223876953
1818 43567 64 70 680.734375 618.6769866943359
1819 40249 64 70 628.890625 571.2124938964844
1820 42758 64 70 668.09375 607.9758453369141
1821 48178 64 70 752.78125 685.7742004394531
1822 54852 64 70 857.0625 780.2433471679688
1823 53087 64 70 829.484375 754.2068786621094
1824 47376 64 70 740.25 672.8599853515625
1825 43587 64 70 681.046875 618.5289001464844
1826 40490 64 70 632.65625 574.0227661132812
1827 47102 64 70 735.96875 668.3778686523438
1828 54804 64 70 856.3125 777.3658142089844
1829 50671 64 70 791.734375 718.9171295166016
1830 49430 64 70 772.34375 702.7845764160156
1831 48776 64 70 762.125 695.4776763916016
1832 41855 64 69 653.984375 597.7172241210938
1833 45230 64 69 706.71875 647.3434753417969
1834 44921 64 69 701.890625 645.4266662597656
1835 55807 64 69 871.984375 804.3645782470703
1836 53641 64 69 838.140625 775.5522308349609
1837 52243 64 68 816.296875 756.7105407714844
1838 49376 64 68 771.5 716.9130554199219
1839 49741 64 68 777.203125 722.9141845703125
1840 45380 64 68 709.0625 659.8962097167969
1841 42470 64 68 663.59375 618.4556884765625
1842 52939 64 68 827.171875 771.3010406494141
1843 55771 64 68 871.421875 812.9588775634766
1844 52114 64 68 814.28125 760.2078857421875
1845 46089 64 68 720.140625 672.6292724609375
1846 51324 64 68 801.9375 749.8132629394531
1847 51124 64 68 798.8125 746.5153198242188
1848 59704 64 68 932.875 872.4105529785156
1849 58194 64 68 909.28125 849.5520172119141
1850 63127 64 68 986.359375 920.2521057128906
1851 59121 64 68 923.765625 860.3795623779297
1852 59181 64 68 924.703125 860.3489532470703
1853 50082 64 68 782.53125 726.8854370117188
1854 42841 64 68 669.390625 621.3438262939453
1855 47746 64 68 746.03125 693.1235504150391
1856 52488 64 68 820.125 761.7091827392578
1857 46081 64 68 720.015625 668.8615875244141
1858 47647 64 68 744.484375 692.2001495361328
1859 42969 64 68 671.390625 624.4961090087891
1860 43208 64 68 675.125 628.2829895019531
1861 36917 64 68 576.828125 536.9826354980469
1862 40198 64 68 628.09375 585.7288513183594
1863 48449 64 68 757.015625 706.7490539550781
1864 50878 64 68 794.96875 742.2800750732422
1865 50978 64 68 796.53125 743.6365966796875
1866 48802 64 68 762.53125 711.3485717773438
1867 39928 64 68 623.875 581.8365478515625
1868 42503 64 68 664.109375 619.5592498779297
1869 45394 64 68 709.28125 662.375244140625
1870 47835 64 68 747.421875 698.1177520751953
1871 49868 64 68 779.1875 727.9667205810547
1872 46190 64 68 721.71875 673.9752502441406
1873 43786 64 68 684.15625 639.1567687988281
1874 44064 64 68 688.5 644.8349609375
1875 38710 64 67 604.84375 568.1813049316406
1876 42413 64 67 662.703125 625.53857421875
1877 48630 64 67 759.84375 720.8160705566406
1878 52273 64 67 816.765625 778.8497161865234
1879 50410 64 66 787.65625 753.1803283691406
1880 50890 64 66 795.15625 762.6682586669922
1881 59643 64 66 931.921875 895.5186767578125
1882 52720 64 66 823.75 792.5039978027344
1883 60977 64 66 952.765625 919.7312316894531
1884 65129 64 66 1017.640625 983.1464691162109
1885 67816 64 66 1059.625 1022.8260345458984
1886 67938 64 66 1061.53125 1023.1154022216797
1887 64001 64 66 1000.015625 962.1613616943359
1888 76917 64 66 1201.828125 1152.6059112548828
1889 75127 64 67 1173.859375 1120.2266693115234
1890 76780 64 67 1199.6875 1142.0589141845703
1891 75640 64 67 1181.875 1121.9823608398438
1892 73134 64 67 1142.71875 1081.0053253173828
1893 77313 64 68 1208.015625 1137.5132446289062
1894 63152 64 68 986.75 925.260986328125
1895 66297 64 68 1035.890625 966.9608764648438
1896 53338 64 68 833.40625 774.9928283691406
1897 64108 64 69 1001.6875 929.5432586669922
1898 76658 64 69 1197.78125 1107.9695739746094
1899 67153 64 69 1049.265625 967.3428039550781
1900 67693 64 69 1057.703125 971.3597412109375
1901 63579 64 70 993.421875 909.3477935791016
1902 60798 64 70 949.96875 866.3530426025391
1903 54000 64 70 843.75 766.926513671875
1904 62880 64 70 982.5 891.5902709960938
1905 67522 64 70 1055.03125 955.5205841064453
1906 60844 64 70 950.6875 858.9040679931641
1907 59280 64 71 926.25 835.0599365234375
1908 64352 64 71 1005.5 904.5118408203125
1909 47687 64 71 745.109375 668.3332214355469
1910 50606 64 71 790.71875 708.7310028076172
1911 61003 64 71 953.171875 853.492919921875
1912 56122 64 71 876.90625 784.7017211914062
1913 62440 64 71 975.625 872.0733795166016
1914 59286 64 71 926.34375 826.2902679443359
1915 58409 64 71 912.640625 812.7855377197266
1916 49805 64 72 778.203125 691.8588714599609
1917 50524 64 72 789.4375 701.486572265625
1918 58987 64 72 921.671875 818.4338531494141
1919 60056 64 72 938.375 832.07470703125
1920 58653 64 72 916.453125 811.7274017333984
1921 59815 64 72 934.609375 826.5659637451172
1922 54622 64 72 853.46875 753.5253448486328
1923 53895 64 72 842.109375 742.1813049316406
1924 40427 64 72 631.671875 556.2716522216797
1925 53540 64 72 836.5625 736.8951416015625
1926 55611 64 72 868.921875 765.1903381347656
1927 55974 64 72 874.59375 769.5400085449219
1928 50503 64 72 789.109375 694.3237762451172
1929 53767 64 72 840.109375 738.5502471923828
1930 44150 64 72 689.84375 606.3079833984375
1931 42897 64 72 670.265625 589.0635070800781
1932 53329 64 72 833.265625 732.7082672119141
1933 51674 64 72 807.40625 709.8456268310547
1934 60228 64 72 941.0625 827.0193939208984
1935 50490 64 72 788.90625 692.8001403808594
1936 50501 64 72 789.078125 692.8502044677734
1937 46978 64 72 734.03125 643.9561767578125
1938 53623 64 72 837.859375 735.0821075439453
1939 118501 64 73 1851.578125 1614.8501739501953
1940 62185 64 73 971.640625 842.6646423339844
1941 59514 64 74 929.90625 804.689208984375
1942 63451 64 74 991.421875 856.0772857666016
1943 51905 64 74 811.015625 698.8185272216797
1944 54204 64 74 846.9375 727.8951416015625
1945 50900 64 74 795.3125 682.4236450195312
1946 55812 64 74 872.0625 747.5809173583984
1947 61847 64 74 966.359375 826.9568939208984
1948 60107 64 74 939.171875 802.4191284179688
1949 57958 64 75 905.59375 772.4539947509766
1950 56518 64 75 883.09375 751.9067230224609
1951 49212 64 75 768.9375 653.6663208007812
1952 49622 64 75 775.34375 658.3031311035156
1953 52315 64 75 817.421875 693.6910247802734
1954 55798 64 75 871.84375 739.0932312011719
1955 55328 64 75 864.5 732.3231964111328
1956 60737 64 75 949.015625 802.8469848632812
1957 61900 64 75 967.1875 816.4654693603516
1958 51395 64 76 803.046875 676.4308013916016
1959 45245 64 76 706.953125 595.1109313964844
1960 54557 64 76 852.453125 716.8927459716797
1961 61881 64 76 966.890625 812.9013214111328
1962 60346 64 76 942.90625 791.8939208984375
1963 56616 64 76 884.625 742.1716003417969
1964 51903 64 76 810.984375 679.2928924560547
1965 50241 64 76 785.015625 657.0693969726562
1966 44403 64 76 693.796875 580.3522338867188
1967 48378 64 76 755.90625 632.8928070068359
1968 67837 64 76 1059.953125 886.6436767578125
1969 58765 64 76 918.203125 766.9174194335938
1970 59790 64 76 934.21875 779.0866088867188
1971 50168 64 76 783.875 652.8298187255859
1972 54296 64 77 848.375 705.8021545410156
1973 45331 64 76 708.296875 588.9944763183594
1974 58683 64 77 916.921875 762.8007202148438
1975 60796 64 77 949.9375 789.3703918457031
1976 58646 64 77 916.34375 760.6369018554688
1977 56506 64 77 882.90625 732.1028900146484
1978 52141 64 77 814.703125 675.3954010009766
1979 51166 64 77 799.46875 662.2168273925781
1980 47778 64 77 746.53125 618.0547180175781
1981 52428 64 77 819.1875 678.1565704345703
1982 58013 64 77 906.453125 749.7946472167969
1983 57306 64 77 895.40625 740.6338806152344
1984 65908 64 77 1029.8125 850.2438201904297
1985 49748 64 77 777.3125 641.1347808837891
1986 42579 64 77 665.296875 548.9100189208984
1987 43429 64 77 678.578125 560.7202301025391
1988 51867 64 77 810.421875 671.1940307617188
1989 57952 64 77 905.5 750.4222564697266
1990 48927 64 77 764.484375 634.3955078125
1991 50044 64 77 781.9375 649.3893737792969
1992 51671 64 77 807.359375 670.5221099853516
1993 46322 64 77 723.78125 601.3031005859375
1994 43958 64 77 686.84375 570.5058135986328
1995 52464 64 77 819.75 680.9743804931641
1996 52750 64 77 824.21875 684.3569793701172
1997 52137 64 77 814.640625 676.073486328125
1998 50650 64 77 791.40625 656.1078033447266
1999 47530 64 77 742.65625 615.1991119384766
